epoch,step,test_acc,test_loss,train_loss,val_acc,val_loss
0,49,,,2.0914735794067383,,
0,99,,,2.257713794708252,,
0,149,,,2.1296210289001465,,
0,199,,,2.2040536403656006,,
0,249,,,2.332502841949463,,
0,299,,,2.426886796951294,,
0,349,,,2.101128339767456,,
0,399,,,2.5085349082946777,,
0,449,,,2.2417571544647217,,
0,499,,,2.317425489425659,,
0,549,,,2.4150962829589844,,
0,599,,,2.3174586296081543,,
0,649,,,2.2085471153259277,,
0,699,,,2.3287506103515625,,
0,749,,,2.4093375205993652,,
0,799,,,2.399005174636841,,
0,849,,,2.4571950435638428,,
0,899,,,2.392873525619507,,
0,949,,,2.276942014694214,,
0,999,,,2.12510347366333,,
0,1049,,,2.433910608291626,,
0,1099,,,2.44883131980896,,
0,1149,,,2.2224440574645996,,
0,1199,,,2.1962246894836426,,
0,1249,,,2.2731552124023438,,
0,1299,,,2.2791874408721924,,
0,1349,,,2.2442948818206787,,
0,1399,,,2.3688602447509766,,
0,1449,,,2.292001724243164,,
0,1499,,,2.2633461952209473,,
0,1549,,,2.408097267150879,,
0,1599,,,2.4173598289489746,,
0,1649,,,2.407881259918213,,
0,1699,,,2.2077152729034424,,
0,1749,,,2.4033713340759277,,
0,1799,,,2.3172988891601562,,
0,1849,,,2.3770697116851807,,
0,1899,,,2.1287059783935547,,
0,1949,,,2.4291110038757324,,
0,1999,,,2.082526922225952,,
0,2049,,,2.234499454498291,,
0,2099,,,2.234675168991089,,
0,2149,,,2.4589755535125732,,
0,2199,,,2.377458095550537,,
0,2249,,,2.254307508468628,,
0,2299,,,2.324399948120117,,
0,2349,,,2.2023000717163086,,
0,2399,,,2.3707165718078613,,
0,2449,,,2.4582667350769043,,
0,2499,,,2.2121264934539795,,
0,2549,,,2.241055488586426,,
0,2599,,,2.315427303314209,,
0,2649,,,2.3069095611572266,,
0,2699,,,2.3412888050079346,,
0,2749,,,2.2963757514953613,,
0,2799,,,2.399249315261841,,
0,2849,,,2.3049278259277344,,
0,2899,,,2.414379119873047,,
0,2949,,,2.3804984092712402,,
0,2999,,,2.3441624641418457,,
0,3049,,,2.131378412246704,,
0,3099,,,2.5573079586029053,,
0,3149,,,2.3908896446228027,,
0,3199,,,2.4108476638793945,,
0,3249,,,2.2643847465515137,,
0,3299,,,2.474635124206543,,
0,3349,,,2.461122512817383,,
0,3399,,,2.390699625015259,,
0,3449,,,2.7745440006256104,,
0,3499,,,2.131155490875244,,
0,3549,,,2.0862491130828857,,
0,3599,,,1.8457549810409546,,
0,3649,,,2.271428346633911,,
0,3699,,,2.1050209999084473,,
0,3749,,,2.350057601928711,,
0,3799,,,1.5785601139068604,,
0,3849,,,2.1038737297058105,,
0,3899,,,1.8238334655761719,,
0,3949,,,1.335055947303772,,
0,3999,,,1.444382905960083,,
0,4049,,,2.030041456222534,,
0,4099,,,1.836533784866333,,
0,4149,,,1.6928331851959229,,
0,4199,,,1.7984511852264404,,
0,4249,,,1.406141757965088,,
0,4299,,,1.7282682657241821,,
0,4349,,,1.197826862335205,,
0,4399,,,2.3131141662597656,,
0,4449,,,1.6316875219345093,,
0,4499,,,1.270613431930542,,
0,4549,,,0.8691930770874023,,
0,4599,,,1.5608800649642944,,
0,4649,,,1.3395779132843018,,
0,4699,,,0.7580045461654663,,
0,4749,,,1.0134207010269165,,
0,4799,,,1.1727607250213623,,
0,4849,,,0.9195634722709656,,
0,4899,,,0.2075973004102707,,
0,4949,,,0.8423674702644348,,
0,4999,,,0.5773536562919617,,
0,5049,,,0.7839901447296143,,
0,5099,,,0.24989089369773865,,
0,5149,,,0.6715863347053528,,
0,5199,,,1.0285252332687378,,
0,5249,,,0.7546039819717407,,
0,5299,,,0.8195797801017761,,
0,5349,,,1.908829689025879,,
0,5399,,,1.2019230127334595,,
0,5449,,,1.1193628311157227,,
0,5499,,,1.1821229457855225,,
0,5549,,,1.7544281482696533,,
0,5599,,,0.20522156357765198,,
0,5649,,,0.1578417271375656,,
0,5699,,,1.7176237106323242,,
0,5749,,,0.7545064091682434,,
0,5799,,,0.2600438594818115,,
0,5849,,,1.6236369609832764,,
0,5899,,,0.10283824056386948,,
0,5949,,,0.06691239774227142,,
0,5999,,,0.5565179586410522,,
0,6049,,,0.37531524896621704,,
0,6099,,,0.34009698033332825,,
0,6149,,,0.5152165293693542,,
0,6199,,,0.15847086906433105,,
0,6249,,,0.8766725659370422,,
0,6299,,,0.2467522919178009,,
0,6349,,,0.697070837020874,,
0,6399,,,0.5763617753982544,,
0,6449,,,0.15487030148506165,,
0,6499,,,0.03494345769286156,,
0,6549,,,0.10183839499950409,,
0,6599,,,0.5892881155014038,,
0,6649,,,0.2453688681125641,,
0,6699,,,1.3315160274505615,,
0,6749,,,0.02233343943953514,,
0,6799,,,0.17377640306949615,,
0,6849,,,0.37211287021636963,,
0,6899,,,0.41268736124038696,,
0,6949,,,0.23360498249530792,,
0,6999,,,0.10832508653402328,,
0,7049,,,0.9205277562141418,,
0,7099,,,0.34036704897880554,,
0,7149,,,0.800994873046875,,
0,7199,,,1.0396122932434082,,
0,7249,,,0.4442738890647888,,
0,7299,,,0.7679868936538696,,
0,7349,,,0.27024343609809875,,
0,7399,,,0.10564078390598297,,
0,7449,,,0.4768916964530945,,
0,7499,,,0.311222642660141,,
0,7549,,,0.5352760553359985,,
0,7599,,,0.5823578834533691,,
0,7649,,,0.8792449235916138,,
0,7699,,,0.21329908072948456,,
0,7749,,,0.6249699592590332,,
0,7799,,,0.0341322086751461,,
0,7849,,,0.6812688708305359,,
0,7899,,,1.5321080684661865,,
0,7949,,,1.102434754371643,,
0,7999,,,0.16233399510383606,,
0,8049,,,0.7237534523010254,,
0,8099,,,0.7081201672554016,,
0,8149,,,0.12809552252292633,,
0,8199,,,0.1177244633436203,,
0,8249,,,0.11761907488107681,,
0,8299,,,0.9896466135978699,,
0,8349,,,0.07680046558380127,,
0,8399,,,0.2957650125026703,,
0,8449,,,2.1396396160125732,,
0,8499,,,0.16459742188453674,,
0,8549,,,1.038102388381958,,
0,8599,,,0.4580351710319519,,
0,8649,,,1.030329942703247,,
0,8699,,,0.06333430111408234,,
0,8749,,,2.817208766937256,,
0,8799,,,1.0377929210662842,,
0,8849,,,0.10815175622701645,,
0,8899,,,0.46237486600875854,,
0,8949,,,0.43284353613853455,,
0,8999,,,0.4139355719089508,,
0,9049,,,0.04876553267240524,,
0,9099,,,0.3848492205142975,,
0,9149,,,0.9842482805252075,,
0,9199,,,0.8182970285415649,,
0,9249,,,0.47035399079322815,,
0,9299,,,0.46103352308273315,,
0,9349,,,0.3381481468677521,,
0,9399,,,0.12233486026525497,,
0,9449,,,0.9965502023696899,,
0,9499,,,0.7899584174156189,,
0,9549,,,0.2617137134075165,,
0,9599,,,0.07966284453868866,,
0,9599,,,,0.8344166874885559,0.5253502726554871
1,9649,,,0.0628141537308693,,
1,9699,,,0.2076876163482666,,
1,9749,,,0.23779401183128357,,
1,9799,,,0.8233240246772766,,
1,9849,,,0.15306870639324188,,
1,9899,,,0.2830253541469574,,
1,9949,,,1.3804070949554443,,
1,9999,,,1.9957643747329712,,
1,10049,,,0.09327617287635803,,
1,10099,,,0.6969745755195618,,
1,10149,,,0.42646846175193787,,
1,10199,,,0.5795091390609741,,
1,10249,,,0.03396251052618027,,
1,10299,,,0.35628026723861694,,
1,10349,,,0.34661513566970825,,
1,10399,,,0.1895880252122879,,
1,10449,,,0.7041537165641785,,
1,10499,,,0.914757251739502,,
1,10549,,,0.6696456074714661,,
1,10599,,,1.7501842975616455,,
1,10649,,,0.4515843391418457,,
1,10699,,,0.12473273277282715,,
1,10749,,,0.05739910528063774,,
1,10799,,,0.3519975543022156,,
1,10849,,,0.1366754025220871,,
1,10899,,,0.6117721796035767,,
1,10949,,,0.2623307704925537,,
1,10999,,,0.7471617460250854,,
1,11049,,,0.2583436369895935,,
1,11099,,,0.08276019245386124,,
1,11149,,,1.3002973794937134,,
1,11199,,,0.5468720197677612,,
1,11249,,,0.5718348622322083,,
1,11299,,,0.06164746731519699,,
1,11349,,,0.16582079231739044,,
1,11399,,,0.4634127616882324,,
1,11449,,,0.007690115831792355,,
1,11499,,,0.18372756242752075,,
1,11549,,,0.8941860198974609,,
1,11599,,,1.2439008951187134,,
1,11649,,,0.98646479845047,,
1,11699,,,0.44358929991722107,,
1,11749,,,0.3976134657859802,,
1,11799,,,0.054910410195589066,,
1,11849,,,0.11373768001794815,,
1,11899,,,1.4120146036148071,,
1,11949,,,0.07950155436992645,,
1,11999,,,0.5170656442642212,,
1,12049,,,0.12212476879358292,,
1,12099,,,0.042794860899448395,,
1,12149,,,0.19117280840873718,,
1,12199,,,1.1760860681533813,,
1,12249,,,1.203525185585022,,
1,12299,,,0.4537228047847748,,
1,12349,,,0.0053372010588645935,,
1,12399,,,0.1795952320098877,,
1,12449,,,0.12814493477344513,,
1,12499,,,0.25964707136154175,,
1,12549,,,0.6158298850059509,,
1,12599,,,0.5229445695877075,,
1,12649,,,2.12121844291687,,
1,12699,,,0.15476980805397034,,
1,12749,,,0.32624340057373047,,
1,12799,,,0.6582349538803101,,
1,12849,,,0.12271473556756973,,
1,12899,,,0.1251383125782013,,
1,12949,,,0.329437792301178,,
1,12999,,,0.14890238642692566,,
1,13049,,,0.5323361158370972,,
1,13099,,,0.07107807695865631,,
1,13149,,,0.012647395953536034,,
1,13199,,,0.06683144718408585,,
1,13249,,,0.547877848148346,,
1,13299,,,0.08427871763706207,,
1,13349,,,0.023965781554579735,,
1,13399,,,0.5572752952575684,,
1,13449,,,0.06426475942134857,,
1,13499,,,0.129807710647583,,
1,13549,,,0.0851995050907135,,
1,13599,,,0.325348436832428,,
1,13649,,,0.6050106287002563,,
1,13699,,,0.12523885071277618,,
1,13749,,,0.3164462149143219,,
1,13799,,,0.10717747360467911,,
1,13849,,,0.2241295576095581,,
1,13899,,,0.16699959337711334,,
1,13949,,,0.3271554708480835,,
1,13999,,,0.3467893600463867,,
1,14049,,,0.08531437069177628,,
1,14099,,,0.8984231948852539,,
1,14149,,,0.12120270729064941,,
1,14199,,,0.07553660869598389,,
1,14249,,,1.0476549863815308,,
1,14299,,,0.08128906786441803,,
1,14349,,,0.31318584084510803,,
1,14399,,,1.1247317790985107,,
1,14449,,,0.42528390884399414,,
1,14499,,,0.07270309329032898,,
1,14549,,,0.4563778340816498,,
1,14599,,,0.4934893548488617,,
1,14649,,,0.3990420699119568,,
1,14699,,,0.9639667272567749,,
1,14749,,,0.546181857585907,,
1,14799,,,0.08870945125818253,,
1,14849,,,0.2481633871793747,,
1,14899,,,0.0873669981956482,,
1,14949,,,0.45605307817459106,,
1,14999,,,1.543210744857788,,
1,15049,,,0.34777647256851196,,
1,15099,,,0.2392905205488205,,
1,15149,,,0.4859781861305237,,
1,15199,,,0.027884015813469887,,
1,15249,,,0.14823421835899353,,
1,15299,,,0.16443443298339844,,
1,15349,,,0.7330120801925659,,
1,15399,,,1.480468988418579,,
1,15449,,,0.7923450469970703,,
1,15499,,,0.36869192123413086,,
1,15549,,,0.07384485751390457,,
1,15599,,,0.6017467379570007,,
1,15649,,,0.20130589604377747,,
1,15699,,,0.11608471721410751,,
1,15749,,,0.002588227391242981,,
1,15799,,,0.05846186354756355,,
1,15849,,,0.5881210565567017,,
1,15899,,,0.5902968049049377,,
1,15949,,,0.259436696767807,,
1,15999,,,0.31772059202194214,,
1,16049,,,0.043339092284440994,,
1,16099,,,0.08297858387231827,,
1,16149,,,0.14289434254169464,,
1,16199,,,0.17107315361499786,,
1,16249,,,0.08094862103462219,,
1,16299,,,0.04030447453260422,,
1,16349,,,0.0020071472972631454,,
1,16399,,,0.10008133947849274,,
1,16449,,,0.6333968639373779,,
1,16499,,,0.20634634792804718,,
1,16549,,,0.0687745213508606,,
1,16599,,,0.8743734359741211,,
1,16649,,,0.9417296648025513,,
1,16699,,,1.4805662631988525,,
1,16749,,,0.12473790347576141,,
1,16799,,,0.13131238520145416,,
1,16849,,,0.2323278933763504,,
1,16899,,,0.036885861307382584,,
1,16949,,,0.4771021008491516,,
1,16999,,,0.47290658950805664,,
1,17049,,,0.008524060249328613,,
1,17099,,,0.014708940871059895,,
1,17149,,,0.42565053701400757,,
1,17199,,,0.2957562804222107,,
1,17249,,,0.15859733521938324,,
1,17299,,,0.03501642495393753,,
1,17349,,,1.16021728515625,,
1,17399,,,0.05042188614606857,,
1,17449,,,0.6641675233840942,,
1,17499,,,0.01924978196620941,,
1,17549,,,0.14412632584571838,,
1,17599,,,0.07335502654314041,,
1,17649,,,1.1475830078125,,
1,17699,,,0.3898542523384094,,
1,17749,,,0.06073014810681343,,
1,17799,,,0.4379933774471283,,
1,17849,,,0.36811551451683044,,
1,17899,,,0.0875137522816658,,
1,17949,,,0.04570671170949936,,
1,17999,,,0.20042681694030762,,
1,18049,,,0.75633704662323,,
1,18099,,,1.6304361820220947,,
1,18149,,,0.15875570476055145,,
1,18199,,,0.5018431544303894,,
1,18249,,,0.11143781989812851,,
1,18299,,,0.32582277059555054,,
1,18349,,,0.08620986342430115,,
1,18399,,,0.03595244511961937,,
1,18449,,,0.44161882996559143,,
1,18499,,,0.2615644931793213,,
1,18549,,,0.03554540500044823,,
1,18599,,,0.7080181241035461,,
1,18649,,,1.1625828742980957,,
1,18699,,,0.07799600064754486,,
1,18749,,,0.07754716277122498,,
1,18799,,,0.11074431240558624,,
1,18849,,,0.07837579399347305,,
1,18899,,,0.08316158503293991,,
1,18949,,,0.029324153438210487,,
1,18999,,,0.33445286750793457,,
1,19049,,,0.5432482361793518,,
1,19099,,,0.9645986557006836,,
1,19149,,,0.6006022691726685,,
1,19199,,,0.828447163105011,,
1,19199,,,,0.8615000247955322,0.4456225037574768
2,19249,,,0.9163175821304321,,
2,19299,,,0.11677177250385284,,
2,19349,,,0.03549110144376755,,
2,19399,,,0.0719083622097969,,
2,19449,,,1.0431264638900757,,
2,19499,,,0.21533794701099396,,
2,19549,,,0.07824786007404327,,
2,19599,,,0.14827695488929749,,
2,19649,,,0.4534071981906891,,
2,19699,,,0.738116443157196,,
2,19749,,,0.04789743199944496,,
2,19799,,,0.1821625679731369,,
2,19849,,,1.6142730712890625,,
2,19899,,,0.15649443864822388,,
2,19949,,,0.03796466067433357,,
2,19999,,,0.4705953001976013,,
2,20049,,,0.23400945961475372,,
2,20099,,,0.21864411234855652,,
2,20149,,,0.10732924938201904,,
2,20199,,,0.6734366416931152,,
2,20249,,,0.09212569892406464,,
2,20299,,,0.683198094367981,,
2,20349,,,1.2293201684951782,,
2,20399,,,0.03417674079537392,,
2,20449,,,1.241933822631836,,
2,20499,,,0.1463375836610794,,
2,20549,,,0.0526808500289917,,
2,20599,,,0.08909106254577637,,
2,20649,,,0.198988139629364,,
2,20699,,,0.03906397148966789,,
2,20749,,,0.3528013825416565,,
2,20799,,,0.02009584568440914,,
2,20849,,,0.09001655876636505,,
2,20899,,,0.25816208124160767,,
2,20949,,,0.3660915493965149,,
2,20999,,,0.023848524317145348,,
2,21049,,,0.3110184073448181,,
2,21099,,,0.15306878089904785,,
2,21149,,,0.021569203585386276,,
2,21199,,,0.01322878710925579,,
2,21249,,,0.10774624347686768,,
2,21299,,,0.06567279994487762,,
2,21349,,,0.336760938167572,,
2,21399,,,0.5450242161750793,,
2,21449,,,0.12372113764286041,,
2,21499,,,1.4500666856765747,,
2,21549,,,0.7151170372962952,,
2,21599,,,0.037040285766124725,,
2,21649,,,0.450112521648407,,
2,21699,,,0.10957076400518417,,
2,21749,,,0.07775621861219406,,
2,21799,,,0.01771657168865204,,
2,21849,,,1.298863172531128,,
2,21899,,,0.35331881046295166,,
2,21949,,,0.2689210772514343,,
2,21999,,,1.0238004922866821,,
2,22049,,,0.15267153084278107,,
2,22099,,,0.6252617239952087,,
2,22149,,,0.07465877383947372,,
2,22199,,,0.18193483352661133,,
2,22249,,,0.6881948709487915,,
2,22299,,,0.4947139322757721,,
2,22349,,,0.4615562856197357,,
2,22399,,,1.0086857080459595,,
2,22449,,,0.11030663549900055,,
2,22499,,,0.06600958853960037,,
2,22549,,,0.287369966506958,,
2,22599,,,0.5884991884231567,,
2,22649,,,0.08415170013904572,,
2,22699,,,0.05780975893139839,,
2,22749,,,0.10103191435337067,,
2,22799,,,0.6247897744178772,,
2,22849,,,1.1200401782989502,,
2,22899,,,0.4393165707588196,,
2,22949,,,0.32262247800827026,,
2,22999,,,0.31082233786582947,,
2,23049,,,0.13941547274589539,,
2,23099,,,0.08262775838375092,,
2,23149,,,1.6320117712020874,,
2,23199,,,0.10496072471141815,,
2,23249,,,0.12834927439689636,,
2,23299,,,0.048182956874370575,,
2,23349,,,1.2025139331817627,,
2,23399,,,0.036588411778211594,,
2,23449,,,0.25138023495674133,,
2,23499,,,0.09440723806619644,,
2,23549,,,0.7621059417724609,,
2,23599,,,0.782960057258606,,
2,23649,,,0.020788738504052162,,
2,23699,,,0.055006228387355804,,
2,23749,,,0.12111248075962067,,
2,23799,,,0.32742956280708313,,
2,23849,,,0.06068434193730354,,
2,23899,,,1.6314373016357422,,
2,23949,,,1.6825542449951172,,
2,23999,,,0.17129412293434143,,
2,24049,,,0.02366495318710804,,
2,24099,,,0.6869601607322693,,
2,24149,,,0.06810931861400604,,
2,24199,,,1.4889785051345825,,
2,24249,,,0.062070123851299286,,
2,24299,,,0.013420539908111095,,
2,24349,,,0.02272413857281208,,
2,24399,,,0.008678863756358624,,
2,24449,,,0.9210584759712219,,
2,24499,,,0.12477172911167145,,
2,24549,,,0.045336998999118805,,
2,24599,,,0.12023037672042847,,
2,24649,,,0.25738686323165894,,
2,24699,,,0.19273456931114197,,
2,24749,,,0.12134869396686554,,
2,24799,,,0.2068507969379425,,
2,24849,,,0.4366241991519928,,
2,24899,,,0.3949832320213318,,
2,24949,,,0.5892292261123657,,
2,24999,,,0.35875603556632996,,
2,25049,,,0.8192058801651001,,
2,25099,,,0.3196759819984436,,
2,25149,,,0.16817042231559753,,
2,25199,,,0.09401881694793701,,
2,25249,,,0.10797842592000961,,
2,25299,,,0.1072731763124466,,
2,25349,,,0.10320281982421875,,
2,25399,,,0.9189877510070801,,
2,25449,,,0.020969318225979805,,
2,25499,,,0.6523959040641785,,
2,25549,,,0.03708532452583313,,
2,25599,,,0.08639771491289139,,
2,25649,,,0.3666335940361023,,
2,25699,,,0.15010806918144226,,
2,25749,,,0.15214237570762634,,
2,25799,,,0.19115933775901794,,
2,25849,,,1.678058385848999,,
2,25899,,,0.22776898741722107,,
2,25949,,,0.13839523494243622,,
2,25999,,,0.2682068347930908,,
2,26049,,,0.01582006923854351,,
2,26099,,,0.03059728816151619,,
2,26149,,,0.2607162594795227,,
2,26199,,,0.16657227277755737,,
2,26249,,,0.06327291578054428,,
2,26299,,,0.041128866374492645,,
2,26349,,,0.11905594915151596,,
2,26399,,,1.1219197511672974,,
2,26449,,,0.03770504519343376,,
2,26499,,,0.35378599166870117,,
2,26549,,,0.07804213464260101,,
2,26599,,,1.6665375232696533,,
2,26649,,,0.35208749771118164,,
2,26699,,,0.11060591042041779,,
2,26749,,,0.23189306259155273,,
2,26799,,,0.7867977023124695,,
2,26849,,,0.0566529855132103,,
2,26899,,,1.240943193435669,,
2,26949,,,0.7652032971382141,,
2,26999,,,0.30872952938079834,,
2,27049,,,0.38094112277030945,,
2,27099,,,1.9050967693328857,,
2,27149,,,0.16943910717964172,,
2,27199,,,0.6043840646743774,,
2,27249,,,0.06829552352428436,,
2,27299,,,0.5245170593261719,,
2,27349,,,0.12285492569208145,,
2,27399,,,0.7035269141197205,,
2,27449,,,0.3688930869102478,,
2,27499,,,0.9910953640937805,,
2,27549,,,0.12061245739459991,,
2,27599,,,0.4921328127384186,,
2,27649,,,0.49229827523231506,,
2,27699,,,0.08795706927776337,,
2,27749,,,0.7452088594436646,,
2,27799,,,0.02371787652373314,,
2,27849,,,0.1108776330947876,,
2,27899,,,0.465847909450531,,
2,27949,,,0.044265151023864746,,
2,27999,,,0.020256470888853073,,
2,28049,,,0.43770137429237366,,
2,28099,,,0.1097811684012413,,
2,28149,,,0.24639222025871277,,
2,28199,,,0.9155383110046387,,
2,28249,,,0.7393053770065308,,
2,28299,,,0.0446121022105217,,
2,28349,,,0.1751440018415451,,
2,28399,,,0.9691146016120911,,
2,28449,,,0.02599393203854561,,
2,28499,,,0.11784855276346207,,
2,28549,,,0.062417782843112946,,
2,28599,,,0.4029870927333832,,
2,28649,,,0.751495897769928,,
2,28699,,,0.41549617052078247,,
2,28749,,,0.18756981194019318,,
2,28799,,,0.1384703814983368,,
2,28799,,,,0.8879166841506958,0.3595517873764038
3,28849,,,0.12067917734384537,,
3,28899,,,0.9164189100265503,,
3,28949,,,0.01678106002509594,,
3,28999,,,0.24798400700092316,,
3,29049,,,0.4823894500732422,,
3,29099,,,0.07165373861789703,,
3,29149,,,2.2299752235412598,,
3,29199,,,0.10871906578540802,,
3,29249,,,0.25802281498908997,,
3,29299,,,0.2010660171508789,,
3,29349,,,0.7244278192520142,,
3,29399,,,0.2798232436180115,,
3,29449,,,1.3453969955444336,,
3,29499,,,0.5148447751998901,,
3,29549,,,0.8509942293167114,,
3,29599,,,1.3510522842407227,,
3,29649,,,1.2217216491699219,,
3,29699,,,0.5217098593711853,,
3,29749,,,0.02614477649331093,,
3,29799,,,0.08842264115810394,,
3,29849,,,0.6428502798080444,,
3,29899,,,0.030778760090470314,,
3,29949,,,0.5463517308235168,,
3,29999,,,0.16561158001422882,,
3,30049,,,0.35513511300086975,,
3,30099,,,0.06452278792858124,,
3,30149,,,0.07965105026960373,,
3,30199,,,0.10599549859762192,,
3,30249,,,0.25526151061058044,,
3,30299,,,1.1272637844085693,,
3,30349,,,0.14998582005500793,,
3,30399,,,0.2578882873058319,,
3,30449,,,0.03845146298408508,,
3,30499,,,0.7967453598976135,,
3,30549,,,0.0475207082927227,,
3,30599,,,0.4618624746799469,,
3,30649,,,0.92439204454422,,
3,30699,,,0.094970703125,,
3,30749,,,0.49401745200157166,,
3,30799,,,0.06224104017019272,,
3,30849,,,0.17351143062114716,,
3,30899,,,0.3302285969257355,,
3,30949,,,1.0084030628204346,,
3,30999,,,0.19515538215637207,,
3,31049,,,0.024768110364675522,,
3,31099,,,0.8654507398605347,,
3,31149,,,0.2680529057979584,,
3,31199,,,0.1256837099790573,,
3,31249,,,0.026394326239824295,,
3,31299,,,0.43213599920272827,,
3,31349,,,0.013697387650609016,,
3,31399,,,0.8832718729972839,,
3,31449,,,0.16106465458869934,,
3,31499,,,0.1506294459104538,,
3,31549,,,0.08019553124904633,,
3,31599,,,0.7471525073051453,,
3,31649,,,0.03833489120006561,,
3,31699,,,0.1500745564699173,,
3,31749,,,0.012593502178788185,,
3,31799,,,0.12457910925149918,,
3,31849,,,0.0528828427195549,,
3,31899,,,0.49747878313064575,,
3,31949,,,0.943161129951477,,
3,31999,,,0.15879963338375092,,
3,32049,,,0.006175818853080273,,
3,32099,,,0.16642984747886658,,
3,32149,,,0.5728441476821899,,
3,32199,,,0.3207215964794159,,
3,32249,,,0.18801721930503845,,
3,32299,,,0.42350658774375916,,
3,32349,,,1.852076768875122,,
3,32399,,,0.03527562692761421,,
3,32449,,,0.033800482749938965,,
3,32499,,,0.73469477891922,,
3,32549,,,1.0726678371429443,,
3,32599,,,0.0719967857003212,,
3,32649,,,0.20393025875091553,,
3,32699,,,0.6767083406448364,,
3,32749,,,0.15988299250602722,,
3,32799,,,0.07865158468484879,,
3,32849,,,0.4076312184333801,,
3,32899,,,0.07512069493532181,,
3,32949,,,0.07233522832393646,,
3,32999,,,0.05757482722401619,,
3,33049,,,0.5926073789596558,,
3,33099,,,0.1953009068965912,,
3,33149,,,0.15193505585193634,,
3,33199,,,0.10493842512369156,,
3,33249,,,0.6313463449478149,,
3,33299,,,0.05107871815562248,,
3,33349,,,0.06207643821835518,,
3,33399,,,0.09946219623088837,,
3,33449,,,0.9995329976081848,,
3,33499,,,0.009602275677025318,,
3,33549,,,0.130369171500206,,
3,33599,,,0.20269425213336945,,
3,33649,,,0.010467519983649254,,
3,33699,,,0.04482288658618927,,
3,33749,,,1.3198356628417969,,
3,33799,,,0.4355286657810211,,
3,33849,,,1.6430940628051758,,
3,33899,,,0.27290838956832886,,
3,33949,,,0.3327910304069519,,
3,33999,,,0.25677722692489624,,
3,34049,,,0.17712625861167908,,
3,34099,,,0.074421726167202,,
3,34149,,,0.02185681462287903,,
3,34199,,,0.7887256741523743,,
3,34249,,,0.11561797559261322,,
3,34299,,,0.1358272135257721,,
3,34349,,,0.3375879228115082,,
3,34399,,,1.1716476678848267,,
3,34449,,,0.04308660700917244,,
3,34499,,,0.5039464831352234,,
3,34549,,,0.012733155861496925,,
3,34599,,,0.057011641561985016,,
3,34649,,,0.06693850457668304,,
3,34699,,,0.5657821297645569,,
3,34749,,,0.24576516449451447,,
3,34799,,,0.023718534037470818,,
3,34849,,,0.35836949944496155,,
3,34899,,,0.15718194842338562,,
3,34949,,,0.05041859298944473,,
3,34999,,,0.02478453330695629,,
3,35049,,,1.1227657794952393,,
3,35099,,,0.5769465565681458,,
3,35149,,,0.4154633581638336,,
3,35199,,,0.011236697435379028,,
3,35249,,,0.6723688244819641,,
3,35299,,,1.3875763416290283,,
3,35349,,,0.24668750166893005,,
3,35399,,,0.052749019116163254,,
3,35449,,,0.18963006138801575,,
3,35499,,,0.42887115478515625,,
3,35549,,,0.2053462564945221,,
3,35599,,,0.04791777580976486,,
3,35649,,,0.2873624265193939,,
3,35699,,,0.1578293740749359,,
3,35749,,,0.026013720780611038,,
3,35799,,,0.6603131294250488,,
3,35849,,,0.03108462132513523,,
3,35899,,,0.5602161884307861,,
3,35949,,,0.409777969121933,,
3,35999,,,0.07055433094501495,,
3,36049,,,0.07419881224632263,,
3,36099,,,0.10985036194324493,,
3,36149,,,0.6966434717178345,,
3,36199,,,0.20181307196617126,,
3,36249,,,0.04123475402593613,,
3,36299,,,0.5383540391921997,,
3,36349,,,0.5985798239707947,,
3,36399,,,0.013344204053282738,,
3,36449,,,0.03603517636656761,,
3,36499,,,0.11345262825489044,,
3,36549,,,0.01232827641069889,,
3,36599,,,0.025753255933523178,,
3,36649,,,0.027894088998436928,,
3,36699,,,0.11299744993448257,,
3,36749,,,1.1378875970840454,,
3,36799,,,0.8947741389274597,,
3,36849,,,0.02773405984044075,,
3,36899,,,0.7843984961509705,,
3,36949,,,0.05526449531316757,,
3,36999,,,0.21924996376037598,,
3,37049,,,0.6602538824081421,,
3,37099,,,0.5589145421981812,,
3,37149,,,0.2852764427661896,,
3,37199,,,0.8103318214416504,,
3,37249,,,0.6328885555267334,,
3,37299,,,0.010530698113143444,,
3,37349,,,0.06921765953302383,,
3,37399,,,0.6601676940917969,,
3,37449,,,1.1030031442642212,,
3,37499,,,0.03767982870340347,,
3,37549,,,0.6413490772247314,,
3,37599,,,0.17515990138053894,,
3,37649,,,0.7429242134094238,,
3,37699,,,0.6077004671096802,,
3,37749,,,0.024600263684988022,,
3,37799,,,0.058443833142519,,
3,37849,,,0.0166059248149395,,
3,37899,,,0.20064465701580048,,
3,37949,,,0.1545102596282959,,
3,37999,,,0.4965781569480896,,
3,38049,,,0.0753919929265976,,
3,38099,,,0.008921479806303978,,
3,38149,,,0.3399580121040344,,
3,38199,,,0.15796448290348053,,
3,38249,,,0.4948287010192871,,
3,38299,,,0.027677124366164207,,
3,38349,,,0.013571767136454582,,
3,38399,,,0.14745435118675232,,
3,38399,,,,0.8797500133514404,0.4007776975631714
4,38449,,,0.7135574817657471,,
4,38499,,,0.04232889786362648,,
4,38549,,,0.025032589212059975,,
4,38599,,,0.21530203521251678,,
4,38649,,,0.10044053941965103,,
4,38699,,,0.056464679539203644,,
4,38749,,,0.07713228464126587,,
4,38799,,,0.22870934009552002,,
4,38849,,,1.598252296447754,,
4,38899,,,0.003786059096455574,,
4,38949,,,0.006381711922585964,,
4,38999,,,0.20053836703300476,,
4,39049,,,0.01627938821911812,,
4,39099,,,0.03423493355512619,,
4,39149,,,0.0061027249321341515,,
4,39199,,,0.03861311078071594,,
4,39249,,,0.03501401096582413,,
4,39299,,,0.47632521390914917,,
4,39349,,,0.05655944347381592,,
4,39399,,,0.41235795617103577,,
4,39449,,,0.037834860384464264,,
4,39499,,,0.09671550244092941,,
4,39549,,,0.5964347124099731,,
4,39599,,,0.05114616081118584,,
4,39649,,,0.07026385515928268,,
4,39699,,,0.07631324231624603,,
4,39749,,,0.11929357051849365,,
4,39799,,,0.03199932724237442,,
4,39849,,,1.6839405298233032,,
4,39899,,,0.22038407623767853,,
4,39949,,,0.09071891009807587,,
4,39999,,,0.7278856039047241,,
4,40049,,,0.16344054043293,,
4,40099,,,0.016558364033699036,,
4,40149,,,0.06732623279094696,,
4,40199,,,1.1185038089752197,,
4,40249,,,0.7320955395698547,,
4,40299,,,0.16523578763008118,,
4,40349,,,0.935787558555603,,
4,40399,,,0.25202876329421997,,
4,40449,,,0.4484235346317291,,
4,40499,,,0.6593485474586487,,
4,40549,,,0.48942652344703674,,
4,40599,,,1.0405288934707642,,
4,40649,,,0.11645914614200592,,
4,40699,,,0.020503949373960495,,
4,40749,,,0.1457669883966446,,
4,40799,,,0.024639731273055077,,
4,40849,,,0.09884737432003021,,
4,40899,,,0.1686135083436966,,
4,40949,,,0.6629416942596436,,
4,40999,,,0.10184142738580704,,
4,41049,,,0.2427113801240921,,
4,41099,,,0.02867681160569191,,
4,41149,,,0.05262914299964905,,
4,41199,,,0.15699723362922668,,
4,41249,,,0.18042702972888947,,
4,41299,,,0.07263673841953278,,
4,41349,,,1.3487966060638428,,
4,41399,,,0.14558251202106476,,
4,41449,,,0.12945662438869476,,
4,41499,,,0.5106620192527771,,
4,41549,,,0.3422768712043762,,
4,41599,,,0.1562739610671997,,
4,41649,,,0.0025842408649623394,,
4,41699,,,0.018952177837491035,,
4,41749,,,0.017138857394456863,,
4,41799,,,0.027019327506422997,,
4,41849,,,0.12589934468269348,,
4,41899,,,0.030926162376999855,,
4,41949,,,2.747786283493042,,
4,41999,,,0.008877318352460861,,
4,42049,,,0.33051857352256775,,
4,42099,,,0.19279584288597107,,
4,42149,,,0.4525264799594879,,
4,42199,,,0.06554710865020752,,
4,42249,,,0.19322241842746735,,
4,42299,,,0.05909901112318039,,
4,42349,,,0.31111273169517517,,
4,42399,,,0.15390019118785858,,
4,42449,,,0.01806386560201645,,
4,42499,,,0.06759924441576004,,
4,42549,,,0.029586240649223328,,
4,42599,,,0.7753705978393555,,
4,42649,,,0.29874366521835327,,
4,42699,,,0.04832502454519272,,
4,42749,,,0.12189587205648422,,
4,42799,,,0.6060505509376526,,
4,42849,,,0.870255172252655,,
4,42899,,,0.3215416371822357,,
4,42949,,,0.015178749337792397,,
4,42999,,,0.27271562814712524,,
4,43049,,,0.08899205923080444,,
4,43099,,,0.07155032455921173,,
4,43149,,,0.25493037700653076,,
4,43199,,,0.9296519160270691,,
4,43249,,,0.17531387507915497,,
4,43299,,,0.7650061845779419,,
4,43349,,,0.7882441282272339,,
4,43399,,,0.1850479245185852,,
4,43449,,,0.007972056046128273,,
4,43499,,,0.060249246656894684,,
4,43549,,,0.24216994643211365,,
4,43599,,,0.22734609246253967,,
4,43649,,,0.5822325944900513,,
4,43699,,,0.14123961329460144,,
4,43749,,,0.027195442467927933,,
4,43799,,,0.2501220107078552,,
4,43849,,,0.7205780744552612,,
4,43899,,,0.0835193321108818,,
4,43949,,,0.3796813189983368,,
4,43999,,,0.5335274934768677,,
4,44049,,,0.06160573288798332,,
4,44099,,,0.10619139671325684,,
4,44149,,,0.21471557021141052,,
4,44199,,,1.1042593717575073,,
4,44249,,,0.04266497865319252,,
4,44299,,,0.025979960337281227,,
4,44349,,,0.09998059272766113,,
4,44399,,,0.3775770664215088,,
4,44449,,,0.4168650507926941,,
4,44499,,,0.17266182601451874,,
4,44549,,,0.052623260766267776,,
4,44599,,,0.013595973141491413,,
4,44649,,,1.0635660886764526,,
4,44699,,,1.3729970455169678,,
4,44749,,,0.09956826269626617,,
4,44799,,,0.010106042958796024,,
4,44849,,,1.7563445568084717,,
4,44899,,,0.6849594116210938,,
4,44949,,,0.12959422171115875,,
4,44999,,,0.1589547097682953,,
4,45049,,,0.6147726774215698,,
4,45099,,,0.09608644992113113,,
4,45149,,,0.3304332494735718,,
4,45199,,,0.1521105021238327,,
4,45249,,,1.2128969430923462,,
4,45299,,,0.25760316848754883,,
4,45349,,,0.5660949945449829,,
4,45399,,,0.014630189165472984,,
4,45449,,,0.16917487978935242,,
4,45499,,,0.03425467386841774,,
4,45549,,,0.5932255983352661,,
4,45599,,,0.018095359206199646,,
4,45649,,,0.894621729850769,,
4,45699,,,0.29672926664352417,,
4,45749,,,0.345600962638855,,
4,45799,,,0.7428641319274902,,
4,45849,,,0.2283552885055542,,
4,45899,,,0.09024900197982788,,
4,45949,,,0.2767047882080078,,
4,45999,,,0.03938860073685646,,
4,46049,,,0.05185481905937195,,
4,46099,,,0.9325442314147949,,
4,46149,,,0.06299099326133728,,
4,46199,,,0.009733070619404316,,
4,46249,,,0.7020364999771118,,
4,46299,,,0.05413178354501724,,
4,46349,,,0.4414970278739929,,
4,46399,,,0.08032302558422089,,
4,46449,,,0.1812806874513626,,
4,46499,,,0.015936370939016342,,
4,46549,,,0.49153485894203186,,
4,46599,,,1.1063377857208252,,
4,46649,,,0.04765507951378822,,
4,46699,,,0.15091003477573395,,
4,46749,,,0.7225786447525024,,
4,46799,,,1.3619658946990967,,
4,46849,,,0.7026904821395874,,
4,46899,,,0.06992048770189285,,
4,46949,,,1.6728767156600952,,
4,46999,,,0.13145825266838074,,
4,47049,,,0.5070469379425049,,
4,47099,,,0.7438960671424866,,
4,47149,,,0.025805464014410973,,
4,47199,,,0.0333293117582798,,
4,47249,,,0.144973024725914,,
4,47299,,,2.1261909008026123,,
4,47349,,,0.29719606041908264,,
4,47399,,,0.6908375024795532,,
4,47449,,,0.3026276230812073,,
4,47499,,,1.22391676902771,,
4,47549,,,0.052954088896512985,,
4,47599,,,0.12187633663415909,,
4,47649,,,0.18449172377586365,,
4,47699,,,0.032890673726797104,,
4,47749,,,0.12568140029907227,,
4,47799,,,0.009476600214838982,,
4,47849,,,0.4047183394432068,,
4,47899,,,1.372057557106018,,
4,47949,,,0.34480559825897217,,
4,47999,,,0.8222162127494812,,
4,47999,,,,0.890583336353302,0.35119664669036865
5,48049,,,0.16284330189228058,,
5,48099,,,0.07544119656085968,,
5,48149,,,0.319185733795166,,
5,48199,,,0.46945086121559143,,
5,48249,,,0.6956018209457397,,
5,48299,,,0.05717984959483147,,
5,48349,,,0.08231891691684723,,
5,48399,,,1.377258539199829,,
5,48449,,,0.6449266076087952,,
5,48499,,,0.031333375722169876,,
5,48549,,,0.3835873603820801,,
5,48599,,,0.15139205753803253,,
5,48649,,,0.24698789417743683,,
5,48699,,,0.17337565124034882,,
5,48749,,,0.03709183633327484,,
5,48799,,,0.07157914340496063,,
5,48849,,,0.3293570876121521,,
5,48899,,,0.16759131848812103,,
5,48949,,,0.11415908485651016,,
5,48999,,,0.2323843538761139,,
5,49049,,,0.10367877781391144,,
5,49099,,,0.11581949144601822,,
5,49149,,,0.7331337928771973,,
5,49199,,,0.2941669523715973,,
5,49249,,,0.03601611405611038,,
5,49299,,,0.5554072260856628,,
5,49349,,,0.1860276162624359,,
5,49399,,,0.2334754467010498,,
5,49449,,,0.08993836492300034,,
5,49499,,,0.09366316348314285,,
5,49549,,,1.012876272201538,,
5,49599,,,0.1454690396785736,,
5,49649,,,0.2981519103050232,,
5,49699,,,0.2753312885761261,,
5,49749,,,0.15394118428230286,,
5,49799,,,0.09876514971256256,,
5,49849,,,0.9514428973197937,,
5,49899,,,0.06333470344543457,,
5,49949,,,0.33243197202682495,,
5,49999,,,0.08540906757116318,,
5,50049,,,0.5512416958808899,,
5,50099,,,0.48568135499954224,,
5,50149,,,0.07529056072235107,,
5,50199,,,0.066579669713974,,
5,50249,,,0.07515067607164383,,
5,50299,,,0.28882598876953125,,
5,50349,,,0.10397519916296005,,
5,50399,,,0.7164714932441711,,
5,50449,,,0.053350336849689484,,
5,50499,,,0.040109358727931976,,
5,50549,,,0.11499311029911041,,
5,50599,,,0.21007104218006134,,
5,50649,,,0.05922646448016167,,
5,50699,,,0.24576549232006073,,
5,50749,,,0.01773018017411232,,
5,50799,,,0.13540104031562805,,
5,50849,,,0.12513114511966705,,
5,50899,,,1.2065995931625366,,
5,50949,,,0.001441486063413322,,
5,50999,,,0.02040097489953041,,
5,51049,,,0.14426568150520325,,
5,51099,,,0.056613363325595856,,
5,51149,,,0.07915220409631729,,
5,51199,,,0.16679266095161438,,
5,51249,,,0.030989503487944603,,
5,51299,,,0.3968279957771301,,
5,51349,,,0.2527294456958771,,
5,51399,,,0.0170969869941473,,
5,51449,,,0.16810497641563416,,
5,51499,,,0.0043198163621127605,,
5,51549,,,0.09782524406909943,,
5,51599,,,0.08526715636253357,,
5,51649,,,1.3368879556655884,,
5,51699,,,0.047902096062898636,,
5,51749,,,0.787950873374939,,
5,51799,,,0.007539427373558283,,
5,51849,,,0.12244461476802826,,
5,51899,,,0.10222719609737396,,
5,51949,,,0.06348434090614319,,
5,51999,,,0.8658151626586914,,
5,52049,,,1.1625394821166992,,
5,52099,,,0.06556089967489243,,
5,52149,,,0.04255862534046173,,
5,52199,,,0.872238039970398,,
5,52249,,,0.15365701913833618,,
5,52299,,,0.35499492287635803,,
5,52349,,,0.06630079448223114,,
5,52399,,,0.8719646334648132,,
5,52449,,,0.18377473950386047,,
5,52499,,,1.5052517652511597,,
5,52549,,,0.15249791741371155,,
5,52599,,,0.06764442473649979,,
5,52649,,,1.4254367351531982,,
5,52699,,,0.08271663635969162,,
5,52749,,,0.15740422904491425,,
5,52799,,,0.3504717946052551,,
5,52849,,,0.06029374524950981,,
5,52899,,,0.6022838950157166,,
5,52949,,,0.07406315952539444,,
5,52999,,,0.2797279953956604,,
5,53049,,,0.5237987637519836,,
5,53099,,,0.10986169427633286,,
5,53149,,,0.03702566772699356,,
5,53199,,,0.066073477268219,,
5,53249,,,0.05311477184295654,,
5,53299,,,0.08126456290483475,,
5,53349,,,0.18033063411712646,,
5,53399,,,0.11721676588058472,,
5,53449,,,0.0933477059006691,,
5,53499,,,0.008824755437672138,,
5,53549,,,0.5975911617279053,,
5,53599,,,0.10275699943304062,,
5,53649,,,0.2744485139846802,,
5,53699,,,0.5827649831771851,,
5,53749,,,0.23223896324634552,,
5,53799,,,0.07442069053649902,,
5,53849,,,0.03600553423166275,,
5,53899,,,0.1325787603855133,,
5,53949,,,0.06305420398712158,,
5,53999,,,0.3010562062263489,,
5,54049,,,0.03697091341018677,,
5,54099,,,0.07832680642604828,,
5,54149,,,0.020878275856375694,,
5,54199,,,0.13526146113872528,,
5,54249,,,0.05873776599764824,,
5,54299,,,0.9690197110176086,,
5,54349,,,0.16622650623321533,,
5,54399,,,0.04029276221990585,,
5,54449,,,0.6696606278419495,,
5,54499,,,0.5166493654251099,,
5,54549,,,0.008955043740570545,,
5,54599,,,0.01093744020909071,,
5,54649,,,0.02442421205341816,,
5,54699,,,0.05146687105298042,,
5,54749,,,0.10228943824768066,,
5,54799,,,0.6279689073562622,,
5,54849,,,0.022439157590270042,,
5,54899,,,0.1591908037662506,,
5,54949,,,0.15507124364376068,,
5,54999,,,0.048076365143060684,,
5,55049,,,0.14435145258903503,,
5,55099,,,0.6911154985427856,,
5,55149,,,0.2101518213748932,,
5,55199,,,0.3426308333873749,,
5,55249,,,0.10012179613113403,,
5,55299,,,0.06446535885334015,,
5,55349,,,0.019850995391607285,,
5,55399,,,0.019115176051855087,,
5,55449,,,0.12399210035800934,,
5,55499,,,0.26742038130760193,,
5,55549,,,0.4720606207847595,,
5,55599,,,0.03427409008145332,,
5,55649,,,0.2030564546585083,,
5,55699,,,0.005247493740171194,,
5,55749,,,0.009460769593715668,,
5,55799,,,0.09495820105075836,,
5,55849,,,0.6541748642921448,,
5,55899,,,0.7524859309196472,,
5,55949,,,0.6273829340934753,,
5,55999,,,0.7378456592559814,,
5,56049,,,0.040639810264110565,,
5,56099,,,0.08973408490419388,,
5,56149,,,0.8681901097297668,,
5,56199,,,0.06769385933876038,,
5,56249,,,0.023256022483110428,,
5,56299,,,0.29886695742607117,,
5,56349,,,0.016179895028471947,,
5,56399,,,0.35021311044692993,,
5,56449,,,0.09601118415594101,,
5,56499,,,0.12028834968805313,,
5,56549,,,0.1816171109676361,,
5,56599,,,0.2664499878883362,,
5,56649,,,0.02177267149090767,,
5,56699,,,1.0187220573425293,,
5,56749,,,0.4740561544895172,,
5,56799,,,0.1761758178472519,,
5,56849,,,0.20862913131713867,,
5,56899,,,2.0446152687072754,,
5,56949,,,0.017669271677732468,,
5,56999,,,0.06795457005500793,,
5,57049,,,0.1667649745941162,,
5,57099,,,0.2522420287132263,,
5,57149,,,0.0038936652708798647,,
5,57199,,,0.08923783153295517,,
5,57249,,,0.45316243171691895,,
5,57299,,,0.9215742349624634,,
5,57349,,,0.04185279458761215,,
5,57399,,,0.08611838519573212,,
5,57449,,,0.12158177047967911,,
5,57499,,,0.05310612916946411,,
5,57549,,,0.04493410512804985,,
5,57599,,,1.293121099472046,,
5,57599,,,,0.9087499976158142,0.30429887771606445
6,57649,,,0.003855820745229721,,
6,57699,,,0.3107709288597107,,
6,57749,,,0.013632257468998432,,
6,57799,,,0.027830922976136208,,
6,57849,,,0.08524869382381439,,
6,57899,,,0.02115652523934841,,
6,57949,,,0.06772999465465546,,
6,57999,,,0.5580307841300964,,
6,58049,,,0.25020796060562134,,
6,58099,,,0.11317674815654755,,
6,58149,,,0.04995828866958618,,
6,58199,,,0.19182536005973816,,
6,58249,,,0.38693171739578247,,
6,58299,,,0.047845952212810516,,
6,58349,,,0.10557921230792999,,
6,58399,,,0.07845797389745712,,
6,58449,,,0.03527286648750305,,
6,58499,,,0.7131661772727966,,
6,58549,,,0.08034859597682953,,
6,58599,,,0.2076936662197113,,
6,58649,,,0.07252860069274902,,
6,58699,,,0.037064775824546814,,
6,58749,,,0.2937532067298889,,
6,58799,,,0.03668613359332085,,
6,58849,,,0.013306563720107079,,
6,58899,,,1.159621000289917,,
6,58949,,,0.0018256520852446556,,
6,58999,,,0.0366780050098896,,
6,59049,,,0.3039451837539673,,
6,59099,,,0.09295692294836044,,
6,59149,,,0.03232984617352486,,
6,59199,,,0.15921181440353394,,
6,59249,,,0.05804622918367386,,
6,59299,,,0.8821674585342407,,
6,59349,,,0.07801639288663864,,
6,59399,,,2.029141902923584,,
6,59449,,,0.07740592211484909,,
6,59499,,,0.27139368653297424,,
6,59549,,,1.2546464204788208,,
6,59599,,,0.030323004350066185,,
6,59649,,,0.010812058113515377,,
6,59699,,,0.009466499090194702,,
6,59749,,,1.0700256824493408,,
6,59799,,,0.4575223922729492,,
6,59849,,,0.02442515268921852,,
6,59899,,,0.03993559628725052,,
6,59949,,,0.33949992060661316,,
6,59999,,,0.11664573103189468,,
6,60049,,,0.1752488762140274,,
6,60099,,,0.21390025317668915,,
6,60149,,,0.15513965487480164,,
6,60199,,,0.03444021940231323,,
6,60249,,,0.11816012859344482,,
6,60299,,,0.8637529611587524,,
6,60349,,,0.037032850086688995,,
6,60399,,,0.017567429691553116,,
6,60449,,,0.060663677752017975,,
6,60499,,,0.027492228895425797,,
6,60549,,,0.05308479070663452,,
6,60599,,,0.16152523458003998,,
6,60649,,,1.4381444454193115,,
6,60699,,,0.0417250320315361,,
6,60749,,,0.0854414626955986,,
6,60799,,,0.6870739459991455,,
6,60849,,,0.10703698545694351,,
6,60899,,,0.25561636686325073,,
6,60949,,,0.01032972615212202,,
6,60999,,,0.8046485781669617,,
6,61049,,,0.5206103324890137,,
6,61099,,,0.01733165606856346,,
6,61149,,,0.07802949845790863,,
6,61199,,,0.08392873406410217,,
6,61249,,,0.17021633684635162,,
6,61299,,,0.06871255487203598,,
6,61349,,,0.2485787570476532,,
6,61399,,,0.10165705531835556,,
6,61449,,,0.01658160798251629,,
6,61499,,,0.58452308177948,,
6,61549,,,1.287466287612915,,
6,61599,,,0.06804939359426498,,
6,61649,,,0.5245617032051086,,
6,61699,,,0.2009786069393158,,
6,61749,,,0.5830992460250854,,
6,61799,,,0.27603134512901306,,
6,61849,,,0.08170494437217712,,
6,61899,,,1.2794978618621826,,
6,61949,,,0.25256019830703735,,
6,61999,,,1.0191190242767334,,
6,62049,,,0.23568885028362274,,
6,62099,,,0.19587114453315735,,
6,62149,,,0.03202051669359207,,
6,62199,,,0.14333583414554596,,
6,62249,,,1.8260698318481445,,
6,62299,,,0.04677160829305649,,
6,62349,,,0.01113023329526186,,
6,62399,,,0.20501072704792023,,
6,62449,,,0.015320658683776855,,
6,62499,,,0.32182395458221436,,
6,62549,,,0.07513247430324554,,
6,62599,,,0.644018292427063,,
6,62649,,,0.5599350929260254,,
6,62699,,,1.2795393466949463,,
6,62749,,,2.0312352180480957,,
6,62799,,,0.006794638931751251,,
6,62849,,,0.24835972487926483,,
6,62899,,,0.19068261981010437,,
6,62949,,,0.17507943511009216,,
6,62999,,,0.009705276228487492,,
6,63049,,,0.010489052161574364,,
6,63099,,,0.029904717579483986,,
6,63149,,,0.062363844364881516,,
6,63199,,,0.03553247079253197,,
6,63249,,,0.826506495475769,,
6,63299,,,0.04645402729511261,,
6,63349,,,0.004374689422547817,,
6,63399,,,0.14504586160182953,,
6,63449,,,0.26937395334243774,,
6,63499,,,0.01640542596578598,,
6,63549,,,0.2492995709180832,,
6,63599,,,0.017469916492700577,,
6,63649,,,0.4117800295352936,,
6,63699,,,0.03641297668218613,,
6,63749,,,0.03172217309474945,,
6,63799,,,0.1017913967370987,,
6,63849,,,1.7390460968017578,,
6,63899,,,1.5774927139282227,,
6,63949,,,0.08752058446407318,,
6,63999,,,0.1416923850774765,,
6,64049,,,0.04164420813322067,,
6,64099,,,0.545655369758606,,
6,64149,,,0.08300536125898361,,
6,64199,,,0.11091889441013336,,
6,64249,,,0.11794456094503403,,
6,64299,,,0.09043987095355988,,
6,64349,,,0.9067385792732239,,
6,64399,,,0.19380369782447815,,
6,64449,,,0.025208834558725357,,
6,64499,,,0.6794250011444092,,
6,64549,,,0.3600166440010071,,
6,64599,,,0.14192192256450653,,
6,64649,,,0.3871070146560669,,
6,64699,,,0.25148192048072815,,
6,64749,,,0.21708953380584717,,
6,64799,,,0.0313078910112381,,
6,64849,,,0.6746892929077148,,
6,64899,,,0.03769635036587715,,
6,64949,,,0.9117924571037292,,
6,64999,,,0.04955647513270378,,
6,65049,,,0.15191784501075745,,
6,65099,,,0.01895432360470295,,
6,65149,,,0.0057412260212004185,,
6,65199,,,0.03214891999959946,,
6,65249,,,0.03914930671453476,,
6,65299,,,0.046450771391391754,,
6,65349,,,0.6401240825653076,,
6,65399,,,0.18384113907814026,,
6,65449,,,0.019266661256551743,,
6,65499,,,0.971609890460968,,
6,65549,,,0.05955038592219353,,
6,65599,,,0.27998292446136475,,
6,65649,,,0.06773898750543594,,
6,65699,,,0.021356061100959778,,
6,65749,,,1.260809063911438,,
6,65799,,,0.130524680018425,,
6,65849,,,0.0887695923447609,,
6,65899,,,0.1954788863658905,,
6,65949,,,0.023352939635515213,,
6,65999,,,0.24617543816566467,,
6,66049,,,0.04131712019443512,,
6,66099,,,0.1293642818927765,,
6,66149,,,0.20423677563667297,,
6,66199,,,0.058157920837402344,,
6,66249,,,0.02357824519276619,,
6,66299,,,0.04152536392211914,,
6,66349,,,0.010333748534321785,,
6,66399,,,0.14222413301467896,,
6,66449,,,0.05239550396800041,,
6,66499,,,0.049533598124980927,,
6,66549,,,0.02106500044465065,,
6,66599,,,0.05679520219564438,,
6,66649,,,1.5913803577423096,,
6,66699,,,0.22503122687339783,,
6,66749,,,0.02924465201795101,,
6,66799,,,0.36658984422683716,,
6,66849,,,0.25303053855895996,,
6,66899,,,0.12435600906610489,,
6,66949,,,0.03739653900265694,,
6,66999,,,0.26965466141700745,,
6,67049,,,0.12766027450561523,,
6,67099,,,0.03844244405627251,,
6,67149,,,0.0055636027827858925,,
6,67199,,,0.04950866848230362,,
6,67199,,,,0.9150833487510681,0.27695608139038086
7,67249,,,0.12988294661045074,,
7,67299,,,0.15061625838279724,,
7,67349,,,0.24713334441184998,,
7,67399,,,0.051363520324230194,,
7,67449,,,0.13143345713615417,,
7,67499,,,0.03824757784605026,,
7,67549,,,0.04191908612847328,,
7,67599,,,0.038848381489515305,,
7,67649,,,0.3155229389667511,,
7,67699,,,0.04213016852736473,,
7,67749,,,0.024512331932783127,,
7,67799,,,0.013453920371830463,,
7,67849,,,0.05160437896847725,,
7,67899,,,0.041334912180900574,,
7,67949,,,0.013160799629986286,,
7,67999,,,0.5496925115585327,,
7,68049,,,0.07617200911045074,,
7,68099,,,0.022697534412145615,,
7,68149,,,0.004854641389101744,,
7,68199,,,0.012370288372039795,,
7,68249,,,0.11756974458694458,,
7,68299,,,0.8722310066223145,,
7,68349,,,0.30224090814590454,,
7,68399,,,0.02940348908305168,,
7,68449,,,0.06299961358308792,,
7,68499,,,0.015058075077831745,,
7,68549,,,0.01054319180548191,,
7,68599,,,0.003991799429059029,,
7,68649,,,0.05541751906275749,,
7,68699,,,0.6754375696182251,,
7,68749,,,0.09313268214464188,,
7,68799,,,0.16371789574623108,,
7,68849,,,0.05040739104151726,,
7,68899,,,0.13919159770011902,,
7,68949,,,0.014453427866101265,,
7,68999,,,0.09065157920122147,,
7,69049,,,0.3680211007595062,,
7,69099,,,0.002419122727587819,,
7,69149,,,0.018425917252898216,,
7,69199,,,0.03238620236515999,,
7,69249,,,0.0189618319272995,,
7,69299,,,0.29973557591438293,,
7,69349,,,0.21297447383403778,,
7,69399,,,0.050878237932920456,,
7,69449,,,0.1180184930562973,,
7,69499,,,0.2058480679988861,,
7,69549,,,0.009237043559551239,,
7,69599,,,0.17697831988334656,,
7,69649,,,0.2862549424171448,,
7,69699,,,0.18512803316116333,,
7,69749,,,0.09632910043001175,,
7,69799,,,0.007172366138547659,,
7,69849,,,0.02607835829257965,,
7,69899,,,0.5997138023376465,,
7,69949,,,1.3847792148590088,,
7,69999,,,0.2859024703502655,,
7,70049,,,0.8000084161758423,,
7,70099,,,0.14687737822532654,,
7,70149,,,0.07553862035274506,,
7,70199,,,0.07534422725439072,,
7,70249,,,0.12506738305091858,,
7,70299,,,0.041493970900774,,
7,70349,,,0.4839702248573303,,
7,70399,,,0.1351698338985443,,
7,70449,,,0.022387301549315453,,
7,70499,,,0.0036921310238540173,,
7,70549,,,0.2278205156326294,,
7,70599,,,0.01661890186369419,,
7,70649,,,1.9381959438323975,,
7,70699,,,0.12364788353443146,,
7,70749,,,0.1309492290019989,,
7,70799,,,0.08857511729001999,,
7,70849,,,0.004960491321980953,,
7,70899,,,0.030544305220246315,,
7,70949,,,0.0863589197397232,,
7,70999,,,0.03626670315861702,,
7,71049,,,0.3879035413265228,,
7,71099,,,0.29954662919044495,,
7,71149,,,0.20758947730064392,,
7,71199,,,0.062420181930065155,,
7,71249,,,0.0375167652964592,,
7,71299,,,0.07310222834348679,,
7,71349,,,1.10908842086792,,
7,71399,,,0.06955482810735703,,
7,71449,,,0.45117345452308655,,
7,71499,,,0.03416413068771362,,
7,71549,,,0.01794055476784706,,
7,71599,,,0.1064033955335617,,
7,71649,,,0.062286876142024994,,
7,71699,,,0.6123708486557007,,
7,71749,,,0.01616767607629299,,
7,71799,,,0.14131353795528412,,
7,71849,,,0.05496165156364441,,
7,71899,,,0.13501909375190735,,
7,71949,,,0.01853838562965393,,
7,71999,,,1.0816824436187744,,
7,72049,,,0.11776135116815567,,
7,72099,,,0.751488447189331,,
7,72149,,,0.09102320671081543,,
7,72199,,,0.31252244114875793,,
7,72249,,,1.6563081741333008,,
7,72299,,,0.04001922160387039,,
7,72349,,,0.012316164560616016,,
7,72399,,,1.015444040298462,,
7,72449,,,0.3342486023902893,,
7,72499,,,0.14252863824367523,,
7,72549,,,0.343865305185318,,
7,72599,,,0.4027249813079834,,
7,72649,,,0.4063144624233246,,
7,72699,,,0.3560810089111328,,
7,72749,,,0.10599924623966217,,
7,72799,,,0.08575763553380966,,
7,72849,,,0.5328590273857117,,
7,72899,,,0.8188055157661438,,
7,72949,,,0.5160157084465027,,
7,72999,,,0.05161965638399124,,
7,73049,,,0.504233717918396,,
7,73099,,,0.04595126211643219,,
7,73149,,,0.057578813284635544,,
7,73199,,,0.6752192378044128,,
7,73249,,,0.01765308901667595,,
7,73299,,,0.00727085629478097,,
7,73349,,,0.06155235320329666,,
7,73399,,,0.1770743876695633,,
7,73449,,,0.00582003453746438,,
7,73499,,,0.4374552369117737,,
7,73549,,,0.9890722036361694,,
7,73599,,,0.03931514173746109,,
7,73649,,,0.01723567210137844,,
7,73699,,,1.0605424642562866,,
7,73749,,,0.5704643130302429,,
7,73799,,,0.5954509377479553,,
7,73849,,,0.41822028160095215,,
7,73899,,,0.10734947770833969,,
7,73949,,,0.6841531991958618,,
7,73999,,,0.06896558403968811,,
7,74049,,,0.02099687233567238,,
7,74099,,,0.31113800406455994,,
7,74149,,,0.07312428951263428,,
7,74199,,,0.03049113228917122,,
7,74249,,,0.5609576106071472,,
7,74299,,,1.089955449104309,,
7,74349,,,0.06627850979566574,,
7,74399,,,0.6743712425231934,,
7,74449,,,0.12535759806632996,,
7,74499,,,0.04543111100792885,,
7,74549,,,0.025918081402778625,,
7,74599,,,1.0147135257720947,,
7,74649,,,0.3603714108467102,,
7,74699,,,0.029881874099373817,,
7,74749,,,0.1247214525938034,,
7,74799,,,0.02342289313673973,,
7,74849,,,1.386602759361267,,
7,74899,,,0.005912138614803553,,
7,74949,,,0.30469897389411926,,
7,74999,,,0.1268872171640396,,
7,75049,,,0.034707266837358475,,
7,75099,,,1.1030783653259277,,
7,75149,,,0.1307186633348465,,
7,75199,,,0.26956644654273987,,
7,75249,,,0.1598295271396637,,
7,75299,,,0.09752681106328964,,
7,75349,,,0.018295101821422577,,
7,75399,,,0.5140233635902405,,
7,75449,,,0.38468730449676514,,
7,75499,,,0.4309472143650055,,
7,75549,,,0.31804049015045166,,
7,75599,,,0.24057456851005554,,
7,75649,,,0.5819140672683716,,
7,75699,,,2.9600071907043457,,
7,75749,,,0.3906007707118988,,
7,75799,,,0.01127682812511921,,
7,75849,,,0.4532751441001892,,
7,75899,,,0.07193686813116074,,
7,75949,,,0.3792041838169098,,
7,75999,,,0.37029749155044556,,
7,76049,,,0.02431574836373329,,
7,76099,,,0.011506040580570698,,
7,76149,,,0.010896551422774792,,
7,76199,,,0.11321656405925751,,
7,76249,,,0.08104998618364334,,
7,76299,,,0.7877401113510132,,
7,76349,,,0.06011437252163887,,
7,76399,,,0.009469864889979362,,
7,76449,,,0.03548343479633331,,
7,76499,,,0.0471353679895401,,
7,76549,,,0.970761775970459,,
7,76599,,,0.5972490906715393,,
7,76649,,,0.06834562867879868,,
7,76699,,,0.4620401859283447,,
7,76749,,,0.03797036409378052,,
7,76799,,,0.10284040123224258,,
7,76799,,,,0.9112499952316284,0.2976516783237457
8,76849,,,0.743137001991272,,
8,76899,,,0.26589643955230713,,
8,76949,,,0.5334819555282593,,
8,76999,,,0.5863775014877319,,
8,77049,,,0.017614683136343956,,
8,77099,,,0.13230368494987488,,
8,77149,,,0.2391904592514038,,
8,77199,,,0.18588827550411224,,
8,77249,,,0.11333145946264267,,
8,77299,,,0.2540237605571747,,
8,77349,,,0.34112608432769775,,
8,77399,,,0.026832204312086105,,
8,77449,,,0.03549814224243164,,
8,77499,,,0.227010577917099,,
8,77549,,,0.09839989989995956,,
8,77599,,,0.08883870393037796,,
8,77649,,,0.07479968667030334,,
8,77699,,,0.015279228799045086,,
8,77749,,,0.1780010610818863,,
8,77799,,,0.04541005566716194,,
8,77849,,,0.014006733894348145,,
8,77899,,,0.16317981481552124,,
8,77949,,,1.4934101104736328,,
8,77999,,,0.0807783305644989,,
8,78049,,,0.6392846703529358,,
8,78099,,,0.014390434138476849,,
8,78149,,,0.09726300090551376,,
8,78199,,,0.0293086227029562,,
8,78249,,,0.11714949458837509,,
8,78299,,,0.37791407108306885,,
8,78349,,,0.12096637487411499,,
8,78399,,,0.09993650764226913,,
8,78449,,,0.007535735610872507,,
8,78499,,,0.5161517858505249,,
8,78549,,,0.09023013710975647,,
8,78599,,,0.07764719426631927,,
8,78649,,,0.017761681228876114,,
8,78699,,,0.007038231939077377,,
8,78749,,,0.012030011042952538,,
8,78799,,,0.3344480097293854,,
8,78849,,,0.40355926752090454,,
8,78899,,,0.22972027957439423,,
8,78949,,,0.13981248438358307,,
8,78999,,,0.5153487324714661,,
8,79049,,,0.07205941528081894,,
8,79099,,,1.1751257181167603,,
8,79149,,,0.31766122579574585,,
8,79199,,,0.020498985424637794,,
8,79249,,,0.017516188323497772,,
8,79299,,,0.1835397183895111,,
8,79349,,,0.7909375429153442,,
8,79399,,,0.2667289674282074,,
8,79449,,,0.34212344884872437,,
8,79499,,,0.015240517444908619,,
8,79549,,,0.06107664853334427,,
8,79599,,,0.18354842066764832,,
8,79649,,,0.12723831832408905,,
8,79699,,,0.19230398535728455,,
8,79749,,,0.263533353805542,,
8,79799,,,0.09799470752477646,,
8,79849,,,0.2553127706050873,,
8,79899,,,0.22385278344154358,,
8,79949,,,0.38606584072113037,,
8,79999,,,0.14161260426044464,,
8,80049,,,0.05842581391334534,,
8,80099,,,0.012869144789874554,,
8,80149,,,0.01349255908280611,,
8,80199,,,1.0400303602218628,,
8,80249,,,0.8927193880081177,,
8,80299,,,0.06817818433046341,,
8,80349,,,0.23098747432231903,,
8,80399,,,0.010614043101668358,,
8,80449,,,0.034195754677057266,,
8,80499,,,0.09314040094614029,,
8,80549,,,0.04997747391462326,,
8,80599,,,0.07641919702291489,,
8,80649,,,0.11741872876882553,,
8,80699,,,0.122531458735466,,
8,80749,,,0.13523255288600922,,
8,80799,,,0.2208496332168579,,
8,80849,,,0.03180811554193497,,
8,80899,,,0.22538809478282928,,
8,80949,,,0.032260868698358536,,
8,80999,,,0.09065856784582138,,
8,81049,,,0.7683810591697693,,
8,81099,,,0.08286161720752716,,
8,81149,,,0.7824040651321411,,
8,81199,,,0.14299368858337402,,
8,81249,,,0.2451607882976532,,
8,81299,,,0.5317776799201965,,
8,81349,,,0.1817607879638672,,
8,81399,,,0.020818892866373062,,
8,81449,,,0.2859715521335602,,
8,81499,,,0.03663619980216026,,
8,81549,,,0.33911073207855225,,
8,81599,,,0.10256793349981308,,
8,81649,,,0.04280393570661545,,
8,81699,,,0.2796449065208435,,
8,81749,,,0.04110588878393173,,
8,81799,,,0.10336808860301971,,
8,81849,,,1.9139912128448486,,
8,81899,,,0.37372973561286926,,
8,81949,,,0.04515555128455162,,
8,81999,,,0.022878196090459824,,
8,82049,,,0.07168319821357727,,
8,82099,,,0.04471888393163681,,
8,82149,,,0.005907908082008362,,
8,82199,,,0.2205570489168167,,
8,82249,,,0.03856740519404411,,
8,82299,,,0.3183292746543884,,
8,82349,,,0.07974857091903687,,
8,82399,,,0.1694152057170868,,
8,82449,,,0.14769521355628967,,
8,82499,,,0.022522881627082825,,
8,82549,,,0.053641535341739655,,
8,82599,,,0.04467851668596268,,
8,82649,,,0.18235458433628082,,
8,82699,,,0.12278540432453156,,
8,82749,,,0.022986149415373802,,
8,82799,,,0.1390204131603241,,
8,82849,,,0.3010886311531067,,
8,82899,,,1.408196210861206,,
8,82949,,,0.1659117490053177,,
8,82999,,,0.27244073152542114,,
8,83049,,,0.11338110268115997,,
8,83099,,,0.31758013367652893,,
8,83149,,,0.003127733711153269,,
8,83199,,,0.15958437323570251,,
8,83249,,,0.015642721205949783,,
8,83299,,,0.10297665745019913,,
8,83349,,,0.8644345998764038,,
8,83399,,,0.12427644431591034,,
8,83449,,,0.028607606887817383,,
8,83499,,,0.014830714091658592,,
8,83549,,,0.06557287275791168,,
8,83599,,,0.013622818514704704,,
8,83649,,,0.1528024971485138,,
8,83699,,,0.011049153283238411,,
8,83749,,,0.024676011875271797,,
8,83799,,,0.005217554979026318,,
8,83849,,,0.033626072108745575,,
8,83899,,,0.07246734201908112,,
8,83949,,,0.5873011350631714,,
8,83999,,,0.1360827386379242,,
8,84049,,,0.021820340305566788,,
8,84099,,,0.5002727508544922,,
8,84149,,,0.33674535155296326,,
8,84199,,,0.1795622706413269,,
8,84249,,,0.03103523515164852,,
8,84299,,,0.17133870720863342,,
8,84349,,,0.34835681319236755,,
8,84399,,,1.5347517728805542,,
8,84449,,,0.005440219305455685,,
8,84499,,,0.046834103763103485,,
8,84549,,,0.041460324078798294,,
8,84599,,,0.02573418989777565,,
8,84649,,,0.1377154290676117,,
8,84699,,,0.1717335283756256,,
8,84749,,,0.05881715565919876,,
8,84799,,,1.3590583801269531,,
8,84849,,,0.6712964773178101,,
8,84899,,,1.4085910320281982,,
8,84949,,,0.30892497301101685,,
8,84999,,,0.19098713994026184,,
8,85049,,,0.04927641898393631,,
8,85099,,,0.5032079815864563,,
8,85149,,,0.21458955109119415,,
8,85199,,,1.0153090953826904,,
8,85249,,,0.13327285647392273,,
8,85299,,,0.0065892161801457405,,
8,85349,,,0.07397910207509995,,
8,85399,,,0.010824949480593204,,
8,85449,,,0.051814667880535126,,
8,85499,,,0.013291549868881702,,
8,85549,,,0.010348653420805931,,
8,85599,,,0.011004792526364326,,
8,85649,,,0.02662065625190735,,
8,85699,,,0.06693361699581146,,
8,85749,,,0.01935848966240883,,
8,85799,,,0.017480548471212387,,
8,85849,,,0.012112502008676529,,
8,85899,,,0.005421527195721865,,
8,85949,,,0.05376208573579788,,
8,85999,,,0.4263547956943512,,
8,86049,,,0.02156408131122589,,
8,86099,,,0.016527224332094193,,
8,86149,,,0.06972451508045197,,
8,86199,,,0.014660032466053963,,
8,86249,,,0.7928921580314636,,
8,86299,,,0.008821521885693073,,
8,86349,,,0.04281817004084587,,
8,86399,,,1.4679232835769653,,
8,86399,,,,0.9256666898727417,0.24441806972026825
9,86449,,,0.06774921715259552,,
9,86499,,,0.009405562654137611,,
9,86549,,,0.5673943758010864,,
9,86599,,,0.26671940088272095,,
9,86649,,,0.4418256878852844,,
9,86699,,,0.1713898628950119,,
9,86749,,,0.3873192071914673,,
9,86799,,,0.0024789946619421244,,
9,86849,,,0.10396198183298111,,
9,86899,,,0.12781184911727905,,
9,86949,,,0.028502648696303368,,
9,86999,,,0.03839033842086792,,
9,87049,,,0.041023872792720795,,
9,87099,,,0.3007879853248596,,
9,87149,,,0.11926877498626709,,
9,87199,,,0.0712849423289299,,
9,87249,,,0.020801100879907608,,
9,87299,,,0.008341750130057335,,
9,87349,,,0.449166476726532,,
9,87399,,,0.0981040671467781,,
9,87449,,,0.001474218675866723,,
9,87499,,,0.1939225047826767,,
9,87549,,,0.8609609603881836,,
9,87599,,,0.4165914058685303,,
9,87649,,,0.0051714270375669,,
9,87699,,,0.14528945088386536,,
9,87749,,,0.3698049485683441,,
9,87799,,,0.10087539255619049,,
9,87849,,,0.2022300511598587,,
9,87899,,,0.011700992472469807,,
9,87949,,,0.15969927608966827,,
9,87999,,,0.08589515089988708,,
9,88049,,,0.087687186896801,,
9,88099,,,0.02553044818341732,,
9,88149,,,0.01880560629069805,,
9,88199,,,0.12841299176216125,,
9,88249,,,0.17550471425056458,,
9,88299,,,0.04640960320830345,,
9,88349,,,0.4042583405971527,,
9,88399,,,0.14840246737003326,,
9,88449,,,0.0016324243042618036,,
9,88499,,,0.22109851241111755,,
9,88549,,,0.44540539383888245,,
9,88599,,,0.5258380174636841,,
9,88649,,,0.06815679371356964,,
9,88699,,,0.0080802533775568,,
9,88749,,,0.5314089059829712,,
9,88799,,,0.05746909976005554,,
9,88849,,,0.4197365343570709,,
9,88899,,,0.10515906661748886,,
9,88949,,,0.06913735717535019,,
9,88999,,,0.9925691485404968,,
9,89049,,,0.02687576413154602,,
9,89099,,,0.02322336845099926,,
9,89149,,,1.3778613805770874,,
9,89199,,,0.9581592679023743,,
9,89249,,,0.2889325022697449,,
9,89299,,,0.004769898951053619,,
9,89349,,,0.10118432343006134,,
9,89399,,,0.49803537130355835,,
9,89449,,,0.35059863328933716,,
9,89499,,,0.02260890044271946,,
9,89549,,,0.7090766429901123,,
9,89599,,,0.015470670536160469,,
9,89649,,,0.4810013771057129,,
9,89699,,,0.01498762983828783,,
9,89749,,,0.2394140660762787,,
9,89799,,,0.0602630190551281,,
9,89849,,,0.013780270703136921,,
9,89899,,,0.01740207150578499,,
9,89949,,,0.5707643032073975,,
9,89999,,,0.1380319595336914,,
9,90049,,,0.001018677488900721,,
9,90099,,,0.024674085900187492,,
9,90149,,,0.010918589308857918,,
9,90199,,,0.19121885299682617,,
9,90249,,,0.02800745889544487,,
9,90299,,,0.12303129583597183,,
9,90349,,,0.04033234715461731,,
9,90399,,,0.09092788398265839,,
9,90449,,,0.011682250536978245,,
9,90499,,,0.42189091444015503,,
9,90549,,,0.7783923745155334,,
9,90599,,,0.910629391670227,,
9,90649,,,0.3258288502693176,,
9,90699,,,0.0031749363988637924,,
9,90749,,,0.022395428270101547,,
9,90799,,,0.6750128269195557,,
9,90849,,,0.01647457852959633,,
9,90899,,,0.3500179052352905,,
9,90949,,,0.05695774033665657,,
9,90999,,,0.15427522361278534,,
9,91049,,,0.19248299300670624,,
9,91099,,,0.16136038303375244,,
9,91149,,,0.07373672723770142,,
9,91199,,,0.02371901646256447,,
9,91249,,,0.022233860567212105,,
9,91299,,,0.013189824298024178,,
9,91349,,,0.01478442270308733,,
9,91399,,,0.13569919764995575,,
9,91449,,,0.6097809076309204,,
9,91499,,,0.39179283380508423,,
9,91549,,,0.027053996920585632,,
9,91599,,,0.0042576538398861885,,
9,91649,,,0.08173100650310516,,
9,91699,,,0.04982322081923485,,
9,91749,,,0.6944201588630676,,
9,91799,,,0.010822528973221779,,
9,91849,,,0.07253886759281158,,
9,91899,,,0.05048171803355217,,
9,91949,,,0.0232806745916605,,
9,91999,,,0.004678273107856512,,
9,92049,,,1.0744688510894775,,
9,92099,,,0.011694912798702717,,
9,92149,,,0.013466006144881248,,
9,92199,,,0.21714356541633606,,
9,92249,,,0.5281427502632141,,
9,92299,,,0.00497480621561408,,
9,92349,,,0.8099086880683899,,
9,92399,,,0.004953503143042326,,
9,92449,,,0.29006168246269226,,
9,92499,,,0.6735005974769592,,
9,92549,,,0.051294513046741486,,
9,92599,,,0.06278468668460846,,
9,92649,,,0.015179070644080639,,
9,92699,,,0.7449443340301514,,
9,92749,,,0.11468015611171722,,
9,92799,,,0.026942336931824684,,
9,92849,,,0.17162738740444183,,
9,92899,,,0.1342240869998932,,
9,92949,,,0.07921924442052841,,
9,92999,,,0.03435788303613663,,
9,93049,,,0.022796031087636948,,
9,93099,,,0.3152350187301636,,
9,93149,,,0.04630972817540169,,
9,93199,,,0.09785223752260208,,
9,93249,,,0.769402801990509,,
9,93299,,,0.04957153648138046,,
9,93349,,,0.5047330856323242,,
9,93399,,,0.027547433972358704,,
9,93449,,,0.4396573007106781,,
9,93499,,,0.011282270774245262,,
9,93549,,,0.05442572385072708,,
9,93599,,,0.1221979483962059,,
9,93649,,,0.04160642996430397,,
9,93699,,,0.05717640370130539,,
9,93749,,,1.864910364151001,,
9,93799,,,0.0711587443947792,,
9,93849,,,0.022399360314011574,,
9,93899,,,0.2773817181587219,,
9,93949,,,0.12182041257619858,,
9,93999,,,0.01071129459887743,,
9,94049,,,0.10052382946014404,,
9,94099,,,0.04267403483390808,,
9,94149,,,0.037869781255722046,,
9,94199,,,0.4647764563560486,,
9,94249,,,0.23853501677513123,,
9,94299,,,0.2306973934173584,,
9,94349,,,0.02313738688826561,,
9,94399,,,0.8516141176223755,,
9,94449,,,0.1948534995317459,,
9,94499,,,0.15006694197654724,,
9,94549,,,0.08035850524902344,,
9,94599,,,0.28518176078796387,,
9,94649,,,1.17824125289917,,
9,94699,,,0.006901327520608902,,
9,94749,,,0.020235268399119377,,
9,94799,,,0.10204849392175674,,
9,94849,,,0.01116273459047079,,
9,94899,,,0.19384129345417023,,
9,94949,,,0.17746545374393463,,
9,94999,,,0.005839858204126358,,
9,95049,,,0.08486901223659515,,
9,95099,,,0.007470672018826008,,
9,95149,,,0.009057646617293358,,
9,95199,,,0.007591228000819683,,
9,95249,,,0.2468826323747635,,
9,95299,,,0.06992728263139725,,
9,95349,,,0.008212252520024776,,
9,95399,,,0.05716055631637573,,
9,95449,,,0.08228900283575058,,
9,95499,,,0.6049765348434448,,
9,95549,,,0.9022990465164185,,
9,95599,,,0.3092311918735504,,
9,95649,,,0.13664183020591736,,
9,95699,,,0.41319671273231506,,
9,95749,,,0.0728321447968483,,
9,95799,,,0.03032720647752285,,
9,95849,,,0.05235108733177185,,
9,95899,,,0.12519298493862152,,
9,95949,,,0.02163151279091835,,
9,95999,,,0.042250245809555054,,
9,95999,,,,0.9243333339691162,0.2675554156303406
10,96049,,,1.8968312740325928,,
10,96099,,,0.06105681508779526,,
10,96149,,,0.006503548473119736,,
10,96199,,,1.3539787530899048,,
10,96249,,,0.00949782319366932,,
10,96299,,,0.20034126937389374,,
10,96349,,,0.01590629294514656,,
10,96399,,,0.20638346672058105,,
10,96449,,,0.022942427545785904,,
10,96499,,,0.0737713873386383,,
10,96549,,,0.1630595475435257,,
10,96599,,,0.2205158770084381,,
10,96649,,,0.17926789820194244,,
10,96699,,,0.0030235107988119125,,
10,96749,,,0.021050112321972847,,
10,96799,,,0.22363197803497314,,
10,96849,,,0.14699439704418182,,
10,96899,,,0.21151801943778992,,
10,96949,,,1.0265141725540161,,
10,96999,,,0.004331412259489298,,
10,97049,,,0.11217806488275528,,
10,97099,,,0.015564891509711742,,
10,97149,,,0.03357812017202377,,
10,97199,,,0.5234020352363586,,
10,97249,,,0.5474004745483398,,
10,97299,,,0.23620450496673584,,
10,97349,,,0.7210221886634827,,
10,97399,,,0.2834940552711487,,
10,97449,,,0.5156040787696838,,
10,97499,,,0.05522599816322327,,
10,97549,,,0.01252255029976368,,
10,97599,,,0.002084157196804881,,
10,97649,,,0.2717010974884033,,
10,97699,,,0.5408457517623901,,
10,97749,,,0.31330305337905884,,
10,97799,,,0.005488838069140911,,
10,97849,,,0.14710399508476257,,
10,97899,,,0.0028743944130837917,,
10,97949,,,0.17443221807479858,,
10,97999,,,0.004463542252779007,,
10,98049,,,0.018945148214697838,,
10,98099,,,0.42776885628700256,,
10,98149,,,0.016804268583655357,,
10,98199,,,0.11811749637126923,,
10,98249,,,0.14007854461669922,,
10,98299,,,0.1487468034029007,,
10,98349,,,0.07726959884166718,,
10,98399,,,0.15171310305595398,,
10,98449,,,0.005910987034440041,,
10,98499,,,0.015072545036673546,,
10,98549,,,0.029503967612981796,,
10,98599,,,0.004610604606568813,,
10,98649,,,0.10298018157482147,,
10,98699,,,0.9009402990341187,,
10,98749,,,0.0873718112707138,,
10,98799,,,0.030776236206293106,,
10,98849,,,0.083122119307518,,
10,98899,,,0.31276655197143555,,
10,98949,,,1.3295109272003174,,
10,98999,,,0.24420857429504395,,
10,99049,,,0.04439390450716019,,
10,99099,,,0.1452081799507141,,
10,99149,,,0.15070685744285583,,
10,99199,,,0.0587419793009758,,
10,99249,,,0.06097353622317314,,
10,99299,,,0.015701575204730034,,
10,99349,,,0.15822532773017883,,
10,99399,,,0.06772695481777191,,
10,99449,,,0.7921289205551147,,
10,99499,,,0.10679128021001816,,
10,99549,,,0.671309232711792,,
10,99599,,,0.030071426182985306,,
10,99649,,,0.024462390691041946,,
10,99699,,,0.004801926203072071,,
10,99749,,,0.09389935433864594,,
10,99799,,,1.30759596824646,,
10,99849,,,0.17290201783180237,,
10,99899,,,0.07985784858465195,,
10,99949,,,0.09536949545145035,,
10,99999,,,0.003119263332337141,,
10,100049,,,0.40527358651161194,,
10,100099,,,0.6835724711418152,,
10,100149,,,0.011465600691735744,,
10,100199,,,0.01509818434715271,,
10,100249,,,0.3804159164428711,,
10,100299,,,1.3723783493041992,,
10,100349,,,0.5851237177848816,,
10,100399,,,0.25552108883857727,,
10,100449,,,0.31943753361701965,,
10,100499,,,0.3913675844669342,,
10,100549,,,0.08552298694849014,,
10,100599,,,0.2892951965332031,,
10,100649,,,0.00634711142629385,,
10,100699,,,0.05134960263967514,,
10,100749,,,0.11281057447195053,,
10,100799,,,0.004501105286180973,,
10,100849,,,0.3430509865283966,,
10,100899,,,0.012390549294650555,,
10,100949,,,0.16419821977615356,,
10,100999,,,0.011711284518241882,,
10,101049,,,0.24668757617473602,,
10,101099,,,0.2572155296802521,,
10,101149,,,0.030928805470466614,,
10,101199,,,0.10311200469732285,,
10,101249,,,0.16298818588256836,,
10,101299,,,0.0764237642288208,,
10,101349,,,1.7708991765975952,,
10,101399,,,0.3043808043003082,,
10,101449,,,0.8234413266181946,,
10,101499,,,0.36473721265792847,,
10,101549,,,0.06005806475877762,,
10,101599,,,0.3119383454322815,,
10,101649,,,0.13573412597179413,,
10,101699,,,0.16748277842998505,,
10,101749,,,0.5671067237854004,,
10,101799,,,0.06378871202468872,,
10,101849,,,0.2366064488887787,,
10,101899,,,0.01582067832350731,,
10,101949,,,0.045586295425891876,,
10,101999,,,0.09275675565004349,,
10,102049,,,0.132644385099411,,
10,102099,,,0.009449172765016556,,
10,102149,,,0.009403446689248085,,
10,102199,,,0.08289221674203873,,
10,102249,,,0.06219179555773735,,
10,102299,,,0.016715046018362045,,
10,102349,,,0.32802310585975647,,
10,102399,,,0.028907189145684242,,
10,102449,,,0.03766950964927673,,
10,102499,,,0.6712891459465027,,
10,102549,,,0.37364181876182556,,
10,102599,,,0.057073481380939484,,
10,102649,,,0.2231210470199585,,
10,102699,,,0.02072841115295887,,
10,102749,,,0.04886828362941742,,
10,102799,,,0.0417417511343956,,
10,102849,,,0.041445571929216385,,
10,102899,,,0.3185158371925354,,
10,102949,,,0.09157087653875351,,
10,102999,,,0.11046894639730453,,
10,103049,,,0.06909868866205215,,
10,103099,,,0.23865874111652374,,
10,103149,,,0.00535756116732955,,
10,103199,,,0.08101372420787811,,
10,103249,,,0.11610563844442368,,
10,103299,,,0.033662162721157074,,
10,103349,,,0.06092272326350212,,
10,103399,,,0.23061779141426086,,
10,103449,,,0.014506682753562927,,
10,103499,,,0.36589375138282776,,
10,103549,,,0.06549423187971115,,
10,103599,,,0.0553978867828846,,
10,103649,,,0.004004477523267269,,
10,103699,,,0.09727033227682114,,
10,103749,,,0.2063635140657425,,
10,103799,,,0.0066331117413938046,,
10,103849,,,1.5736305713653564,,
10,103899,,,0.11186091601848602,,
10,103949,,,0.333626925945282,,
10,103999,,,0.01675502583384514,,
10,104049,,,0.10756795108318329,,
10,104099,,,0.19307835400104523,,
10,104149,,,0.09184814989566803,,
10,104199,,,0.06489169597625732,,
10,104249,,,0.005124534480273724,,
10,104299,,,0.2766464352607727,,
10,104349,,,0.2727721333503723,,
10,104399,,,0.25060898065567017,,
10,104449,,,0.016575060784816742,,
10,104499,,,0.015989741310477257,,
10,104549,,,0.07201596349477768,,
10,104599,,,0.05219576507806778,,
10,104649,,,0.12565608322620392,,
10,104699,,,0.2571188509464264,,
10,104749,,,0.2600398361682892,,
10,104799,,,0.0057494621723890305,,
10,104849,,,0.04913876950740814,,
10,104899,,,0.027232632040977478,,
10,104949,,,0.01570124737918377,,
10,104999,,,0.7317954897880554,,
10,105049,,,0.03558950871229172,,
10,105099,,,0.11631469428539276,,
10,105149,,,0.25201213359832764,,
10,105199,,,0.11224391311407089,,
10,105249,,,0.004352783318608999,,
10,105299,,,0.02650170587003231,,
10,105349,,,0.09215483069419861,,
10,105399,,,0.008926978334784508,,
10,105449,,,0.011345574632287025,,
10,105499,,,0.03873056173324585,,
10,105549,,,0.01775224506855011,,
10,105599,,,0.10517927259206772,,
10,105599,,,,0.921500027179718,0.25353774428367615
11,105649,,,0.10273674875497818,,
11,105699,,,0.16529791057109833,,
11,105749,,,0.36541086435317993,,
11,105799,,,0.2776138186454773,,
11,105849,,,1.3443940877914429,,
11,105899,,,0.01897924579679966,,
11,105949,,,0.07660651206970215,,
11,105999,,,0.14524652063846588,,
11,106049,,,0.023605182766914368,,
11,106099,,,0.023595120757818222,,
11,106149,,,1.6618324518203735,,
11,106199,,,0.30973735451698303,,
11,106249,,,0.028053831309080124,,
11,106299,,,0.019469741731882095,,
11,106349,,,0.10441102832555771,,
11,106399,,,0.04896595701575279,,
11,106449,,,0.12877216935157776,,
11,106499,,,0.12212634086608887,,
11,106549,,,0.7300447225570679,,
11,106599,,,0.007460168097168207,,
11,106649,,,0.24933385848999023,,
11,106699,,,0.01406678557395935,,
11,106749,,,0.0922921672463417,,
11,106799,,,0.11465773731470108,,
11,106849,,,1.3010215759277344,,
11,106899,,,0.0476251058280468,,
11,106949,,,0.012612405233085155,,
11,106999,,,0.07679086178541183,,
11,107049,,,0.4490843415260315,,
11,107099,,,0.013085772283375263,,
11,107149,,,0.5688027143478394,,
11,107199,,,2.194957971572876,,
11,107249,,,0.8787089586257935,,
11,107299,,,0.3543962836265564,,
11,107349,,,0.08278168737888336,,
11,107399,,,0.5983697175979614,,
11,107449,,,0.11219587177038193,,
11,107499,,,0.5344541072845459,,
11,107549,,,0.15446747839450836,,
11,107599,,,0.07906951755285263,,
11,107649,,,0.11132325232028961,,
11,107699,,,0.42798328399658203,,
11,107749,,,0.49827656149864197,,
11,107799,,,0.09671758860349655,,
11,107849,,,0.010920537635684013,,
11,107899,,,0.45785075426101685,,
11,107949,,,0.0631541982293129,,
11,107999,,,1.3065764904022217,,
11,108049,,,0.02979835495352745,,
11,108099,,,0.14277444779872894,,
11,108149,,,0.616215705871582,,
11,108199,,,0.03271862119436264,,
11,108249,,,0.05902969837188721,,
11,108299,,,0.19158577919006348,,
11,108349,,,0.43844881653785706,,
11,108399,,,0.1751105636358261,,
11,108449,,,0.0440826416015625,,
11,108499,,,0.028975635766983032,,
11,108549,,,0.6306346654891968,,
11,108599,,,0.14411412179470062,,
11,108649,,,0.011648821644484997,,
11,108699,,,0.014479304663836956,,
11,108749,,,0.04587944597005844,,
11,108799,,,0.008997221477329731,,
11,108849,,,0.5218245387077332,,
11,108899,,,0.07767627388238907,,
11,108949,,,0.9376331567764282,,
11,108999,,,0.2059740126132965,,
11,109049,,,0.019622478634119034,,
11,109099,,,0.016946962103247643,,
11,109149,,,0.0600816085934639,,
11,109199,,,1.1352628469467163,,
11,109249,,,0.006158122792840004,,
11,109299,,,0.011985814198851585,,
11,109349,,,0.05496014282107353,,
11,109399,,,0.0626019760966301,,
11,109449,,,0.06648066639900208,,
11,109499,,,0.0780654028058052,,
11,109549,,,0.02020520530641079,,
11,109599,,,0.03420798107981682,,
11,109649,,,1.1908085346221924,,
11,109699,,,0.029955919831991196,,
11,109749,,,0.006947038229554892,,
11,109799,,,0.4224221110343933,,
11,109849,,,0.004248710349202156,,
11,109899,,,0.006161648314446211,,
11,109949,,,0.010343794710934162,,
11,109999,,,0.3362354636192322,,
11,110049,,,0.2816283106803894,,
11,110099,,,0.02436191216111183,,
11,110149,,,0.04441274330019951,,
11,110199,,,0.052419353276491165,,
11,110249,,,0.6809440851211548,,
11,110299,,,0.03920125588774681,,
11,110349,,,0.5776187181472778,,
11,110399,,,0.178389310836792,,
11,110449,,,0.18095068633556366,,
11,110499,,,0.1870887577533722,,
11,110549,,,0.8115345239639282,,
11,110599,,,0.021953511983156204,,
11,110649,,,0.024295542389154434,,
11,110699,,,0.0029112144839018583,,
11,110749,,,0.03486879542469978,,
11,110799,,,0.006001923233270645,,
11,110849,,,0.6211197376251221,,
11,110899,,,0.022177381440997124,,
11,110949,,,0.0816914439201355,,
11,110999,,,0.010581674054265022,,
11,111049,,,0.16736212372779846,,
11,111099,,,0.0009110795217566192,,
11,111149,,,0.010606953874230385,,
11,111199,,,0.15481790900230408,,
11,111249,,,0.2900288701057434,,
11,111299,,,0.034944675862789154,,
11,111349,,,0.13358750939369202,,
11,111399,,,0.0952875018119812,,
11,111449,,,0.083929643034935,,
11,111499,,,0.07889815419912338,,
11,111549,,,0.1764446496963501,,
11,111599,,,0.033888719975948334,,
11,111649,,,0.05243704468011856,,
11,111699,,,0.030349766835570335,,
11,111749,,,0.42710089683532715,,
11,111799,,,0.29476702213287354,,
11,111849,,,0.01915062591433525,,
11,111899,,,0.07250545173883438,,
11,111949,,,0.2092118263244629,,
11,111999,,,0.8106881976127625,,
11,112049,,,0.2742607295513153,,
11,112099,,,0.39993324875831604,,
11,112149,,,0.013333072885870934,,
11,112199,,,0.0695880725979805,,
11,112249,,,0.19696807861328125,,
11,112299,,,0.1393776386976242,,
11,112349,,,1.8260999917984009,,
11,112399,,,0.03343017399311066,,
11,112449,,,0.01860230043530464,,
11,112499,,,0.015376202762126923,,
11,112549,,,0.059291936457157135,,
11,112599,,,0.7190921902656555,,
11,112649,,,0.300163596868515,,
11,112699,,,0.5928732752799988,,
11,112749,,,0.044535595923662186,,
11,112799,,,0.18133088946342468,,
11,112849,,,0.17197728157043457,,
11,112899,,,1.5844591856002808,,
11,112949,,,0.4809719920158386,,
11,112999,,,0.006633498705923557,,
11,113049,,,2.134073495864868,,
11,113099,,,0.01529403030872345,,
11,113149,,,0.5512097477912903,,
11,113199,,,0.22815492749214172,,
11,113249,,,0.017076317220926285,,
11,113299,,,0.029844600707292557,,
11,113349,,,0.20798197388648987,,
11,113399,,,0.014687282033264637,,
11,113449,,,0.010949119925498962,,
11,113499,,,0.015152573585510254,,
11,113549,,,0.035375360399484634,,
11,113599,,,0.19341030716896057,,
11,113649,,,1.140668511390686,,
11,113699,,,0.024957286193966866,,
11,113749,,,0.12954142689704895,,
11,113799,,,0.6340521574020386,,
11,113849,,,0.03462812304496765,,
11,113899,,,0.018391940742731094,,
11,113949,,,0.034452300518751144,,
11,113999,,,0.18771860003471375,,
11,114049,,,0.12769627571105957,,
11,114099,,,0.19042843580245972,,
11,114149,,,0.052519541233778,,
11,114199,,,1.142047643661499,,
11,114249,,,0.4018462598323822,,
11,114299,,,0.8934464454650879,,
11,114349,,,0.05930456519126892,,
11,114399,,,0.7446413040161133,,
11,114449,,,0.09402019530534744,,
11,114499,,,0.015842588618397713,,
11,114549,,,0.32708439230918884,,
11,114599,,,0.5088874101638794,,
11,114649,,,0.018163658678531647,,
11,114699,,,0.747854471206665,,
11,114749,,,1.0475139617919922,,
11,114799,,,0.12940454483032227,,
11,114849,,,0.014075455255806446,,
11,114899,,,0.33083295822143555,,
11,114949,,,0.0060667977668344975,,
11,114999,,,0.7492742538452148,,
11,115049,,,0.4033263325691223,,
11,115099,,,0.14519968628883362,,
11,115149,,,0.03504439443349838,,
11,115199,,,0.014499424025416374,,
11,115199,,,,0.9330000281333923,0.23119398951530457
12,115249,,,0.4809500575065613,,
12,115299,,,0.09865826368331909,,
12,115349,,,0.04341338574886322,,
12,115399,,,0.18514572083950043,,
12,115449,,,0.5874623656272888,,
12,115499,,,0.583534836769104,,
12,115549,,,0.06283296644687653,,
12,115599,,,0.04990105703473091,,
12,115649,,,0.01207863911986351,,
12,115699,,,0.2077881395816803,,
12,115749,,,0.19352570176124573,,
12,115799,,,0.2274443656206131,,
12,115849,,,0.8003422021865845,,
12,115899,,,0.009313316084444523,,
12,115949,,,0.05317353084683418,,
12,115999,,,0.8086801767349243,,
12,116049,,,0.15768130123615265,,
12,116099,,,0.04993616044521332,,
12,116149,,,0.09568613022565842,,
12,116199,,,0.029650401324033737,,
12,116249,,,0.07814842462539673,,
12,116299,,,0.078073650598526,,
12,116349,,,0.1420963704586029,,
12,116399,,,0.013560717925429344,,
12,116449,,,0.06420229375362396,,
12,116499,,,0.0813506618142128,,
12,116549,,,0.04444083571434021,,
12,116599,,,0.028728913515806198,,
12,116649,,,0.001900918548926711,,
12,116699,,,0.9909118413925171,,
12,116749,,,0.6977949142456055,,
12,116799,,,0.5635963678359985,,
12,116849,,,0.10080944001674652,,
12,116899,,,0.07870195060968399,,
12,116949,,,0.03365125507116318,,
12,116999,,,1.2189611196517944,,
12,117049,,,0.06413571536540985,,
12,117099,,,1.0170814990997314,,
12,117149,,,0.019542012363672256,,
12,117199,,,0.18576009571552277,,
12,117249,,,0.09062103927135468,,
12,117299,,,0.20980748534202576,,
12,117349,,,0.0006620017229579389,,
12,117399,,,0.21285352110862732,,
12,117449,,,0.0995037779211998,,
12,117499,,,0.058548904955387115,,
12,117549,,,0.3662154972553253,,
12,117599,,,0.2545897960662842,,
12,117649,,,0.0021791185718029737,,
12,117699,,,0.06738828122615814,,
12,117749,,,0.018997659906744957,,
12,117799,,,0.1674448400735855,,
12,117849,,,0.0520787239074707,,
12,117899,,,0.06535138934850693,,
12,117949,,,0.09407830238342285,,
12,117999,,,0.610253632068634,,
12,118049,,,0.24958321452140808,,
12,118099,,,0.16823847591876984,,
12,118149,,,0.3934400975704193,,
12,118199,,,0.010212203487753868,,
12,118249,,,0.10103168338537216,,
12,118299,,,1.1247122287750244,,
12,118349,,,1.0377542972564697,,
12,118399,,,0.034307681024074554,,
12,118449,,,0.06684637069702148,,
12,118499,,,0.9051474332809448,,
12,118549,,,0.3073325753211975,,
12,118599,,,0.8569831848144531,,
12,118649,,,0.03944803401827812,,
12,118699,,,0.007912308908998966,,
12,118749,,,0.09397400170564651,,
12,118799,,,0.02070143073797226,,
12,118849,,,0.06039303541183472,,
12,118899,,,0.0612468421459198,,
12,118949,,,0.03324667364358902,,
12,118999,,,0.0029037112835794687,,
12,119049,,,0.011017201468348503,,
12,119099,,,0.0734035074710846,,
12,119149,,,0.37137046456336975,,
12,119199,,,0.08481576293706894,,
12,119249,,,0.03214258700609207,,
12,119299,,,0.1402297019958496,,
12,119349,,,0.3861978054046631,,
12,119399,,,0.10428871214389801,,
12,119449,,,0.08691680431365967,,
12,119499,,,0.006285856477916241,,
12,119549,,,0.0068250373005867004,,
12,119599,,,0.1389906108379364,,
12,119649,,,0.009229484014213085,,
12,119699,,,0.08303122967481613,,
12,119749,,,0.007424575742334127,,
12,119799,,,0.5621620416641235,,
12,119849,,,0.025442644953727722,,
12,119899,,,0.03464338555932045,,
12,119949,,,0.1473086178302765,,
12,119999,,,0.8930835723876953,,
12,120049,,,0.3135305643081665,,
12,120099,,,0.16162677109241486,,
12,120149,,,0.11162950843572617,,
12,120199,,,0.16985446214675903,,
12,120249,,,0.009034836664795876,,
12,120299,,,0.02966928482055664,,
12,120349,,,0.02530534565448761,,
12,120399,,,0.019642498344182968,,
12,120449,,,0.00837028305977583,,
12,120499,,,0.8483526110649109,,
12,120549,,,1.1416164636611938,,
12,120599,,,1.9875743389129639,,
12,120649,,,0.1017460823059082,,
12,120699,,,0.19735069572925568,,
12,120749,,,0.6047893762588501,,
12,120799,,,0.043909426778554916,,
12,120849,,,0.02079073339700699,,
12,120899,,,0.1267159879207611,,
12,120949,,,0.027657601982355118,,
12,120999,,,0.28430742025375366,,
12,121049,,,0.10913896560668945,,
12,121099,,,0.03628981113433838,,
12,121149,,,1.0550965070724487,,
12,121199,,,0.17772971093654633,,
12,121249,,,0.008291671052575111,,
12,121299,,,0.035676516592502594,,
12,121349,,,0.09428353607654572,,
12,121399,,,0.9598971605300903,,
12,121449,,,0.029026368632912636,,
12,121499,,,0.012779615819454193,,
12,121549,,,0.19488097727298737,,
12,121599,,,0.0035949326120316982,,
12,121649,,,0.03736444562673569,,
12,121699,,,0.005689087323844433,,
12,121749,,,0.06999107450246811,,
12,121799,,,0.15095874667167664,,
12,121849,,,0.1445128172636032,,
12,121899,,,0.008357429876923561,,
12,121949,,,0.02812778577208519,,
12,121999,,,0.2842456102371216,,
12,122049,,,0.5418812036514282,,
12,122099,,,0.02709118463099003,,
12,122149,,,0.007098347879946232,,
12,122199,,,0.254246324300766,,
12,122249,,,0.20498740673065186,,
12,122299,,,0.0011784604284912348,,
12,122349,,,0.11544741690158844,,
12,122399,,,0.0631948709487915,,
12,122449,,,0.25858455896377563,,
12,122499,,,0.09267677366733551,,
12,122549,,,0.06671001017093658,,
12,122599,,,0.02663637325167656,,
12,122649,,,0.05292600393295288,,
12,122699,,,0.543634295463562,,
12,122749,,,0.2438240945339203,,
12,122799,,,0.003521989332512021,,
12,122849,,,0.0055135637521743774,,
12,122899,,,0.02214522287249565,,
12,122949,,,1.10453462600708,,
12,122999,,,0.09713979810476303,,
12,123049,,,0.3774978220462799,,
12,123099,,,0.2478574961423874,,
12,123149,,,0.05322560667991638,,
12,123199,,,0.10641463845968246,,
12,123249,,,0.014689087867736816,,
12,123299,,,0.7192122340202332,,
12,123349,,,0.07786007970571518,,
12,123399,,,0.037013422697782516,,
12,123449,,,0.09330077469348907,,
12,123499,,,0.005910791922360659,,
12,123549,,,0.4200971722602844,,
12,123599,,,1.4436248540878296,,
12,123649,,,0.006906680762767792,,
12,123699,,,0.23086366057395935,,
12,123749,,,0.8920606374740601,,
12,123799,,,0.04844038560986519,,
12,123849,,,1.029623031616211,,
12,123899,,,0.7194244265556335,,
12,123949,,,0.006990624126046896,,
12,123999,,,0.09452227503061295,,
12,124049,,,0.5164326429367065,,
12,124099,,,0.6690256595611572,,
12,124149,,,0.3242214024066925,,
12,124199,,,0.14261651039123535,,
12,124249,,,0.12030597776174545,,
12,124299,,,0.11192772537469864,,
12,124349,,,0.0368170365691185,,
12,124399,,,0.015401208773255348,,
12,124449,,,0.14846912026405334,,
12,124499,,,0.029917117208242416,,
12,124549,,,0.3345429003238678,,
12,124599,,,0.278117835521698,,
12,124649,,,0.23312532901763916,,
12,124699,,,0.03953264653682709,,
12,124749,,,0.6682887673377991,,
12,124799,,,0.4863274097442627,,
12,124799,,,,0.9245833158493042,0.2529255449771881
13,124849,,,0.025239426642656326,,
13,124899,,,0.4872739911079407,,
13,124949,,,0.15675006806850433,,
13,124999,,,0.15851403772830963,,
13,125049,,,0.028495213016867638,,
13,125099,,,0.03873511031270027,,
13,125149,,,0.008088482543826103,,
13,125199,,,0.03464028984308243,,
13,125249,,,0.6281293630599976,,
13,125299,,,0.06069538742303848,,
13,125349,,,0.011760259978473186,,
13,125399,,,0.013119647279381752,,
13,125449,,,0.16649384796619415,,
13,125499,,,0.07967179268598557,,
13,125549,,,0.13969865441322327,,
13,125599,,,0.057630568742752075,,
13,125649,,,0.05524386093020439,,
13,125699,,,0.05860096961259842,,
13,125749,,,0.26535218954086304,,
13,125799,,,0.20740416646003723,,
13,125849,,,0.6009148359298706,,
13,125899,,,0.0785815566778183,,
13,125949,,,0.18268607556819916,,
13,125999,,,0.8519715070724487,,
13,126049,,,0.018701627850532532,,
13,126099,,,0.0018679756904020905,,
13,126149,,,0.10855581611394882,,
13,126199,,,0.014282752759754658,,
13,126249,,,0.05539550259709358,,
13,126299,,,0.01815514639019966,,
13,126349,,,0.014810586348176003,,
13,126399,,,0.04688120260834694,,
13,126449,,,0.022914540022611618,,
13,126499,,,0.17862698435783386,,
13,126549,,,0.0069107310846447945,,
13,126599,,,0.009286867454648018,,
13,126649,,,0.019676070660352707,,
13,126699,,,0.22942829132080078,,
13,126749,,,0.35039228200912476,,
13,126799,,,0.08580721914768219,,
13,126849,,,1.201737642288208,,
13,126899,,,0.023495003581047058,,
13,126949,,,0.17806841433048248,,
13,126999,,,0.07055415213108063,,
13,127049,,,0.27046820521354675,,
13,127099,,,0.020326267927885056,,
13,127149,,,0.07047626376152039,,
13,127199,,,0.49000078439712524,,
13,127249,,,0.009561051614582539,,
13,127299,,,0.2648220360279083,,
13,127349,,,0.10377361625432968,,
13,127399,,,0.1956595629453659,,
13,127449,,,0.18082821369171143,,
13,127499,,,0.062077634036540985,,
13,127549,,,0.014094379730522633,,
13,127599,,,0.21966195106506348,,
13,127649,,,0.0526803620159626,,
13,127699,,,0.06017661839723587,,
13,127749,,,0.10320816189050674,,
13,127799,,,0.07860865443944931,,
13,127849,,,0.06266357004642487,,
13,127899,,,0.014829667285084724,,
13,127949,,,0.035629354417324066,,
13,127999,,,0.2180713415145874,,
13,128049,,,0.10201404243707657,,
13,128099,,,0.16906817257404327,,
13,128149,,,0.028484294191002846,,
13,128199,,,0.06562209129333496,,
13,128249,,,0.2643263339996338,,
13,128299,,,0.017908668145537376,,
13,128349,,,0.020038479939103127,,
13,128399,,,0.15035811066627502,,
13,128449,,,0.6564563512802124,,
13,128499,,,0.5718837976455688,,
13,128549,,,0.016395404934883118,,
13,128599,,,0.06512798368930817,,
13,128649,,,0.4287366271018982,,
13,128699,,,0.06453058123588562,,
13,128749,,,0.16845853626728058,,
13,128799,,,0.612587571144104,,
13,128849,,,0.2958398461341858,,
13,128899,,,0.09112988412380219,,
13,128949,,,0.06324341893196106,,
13,128999,,,0.37050169706344604,,
13,129049,,,0.4183881878852844,,
13,129099,,,0.021415621042251587,,
13,129149,,,0.04420296847820282,,
13,129199,,,0.5708374977111816,,
13,129249,,,0.0524020716547966,,
13,129299,,,0.014187988825142384,,
13,129349,,,0.12584342062473297,,
13,129399,,,0.5912057161331177,,
13,129449,,,0.002977226162329316,,
13,129499,,,0.1575859934091568,,
13,129549,,,0.06774593889713287,,
13,129599,,,0.23903676867485046,,
13,129649,,,0.2886587083339691,,
13,129699,,,0.10437488555908203,,
13,129749,,,0.04477928206324577,,
13,129799,,,0.08182655274868011,,
13,129849,,,0.15815338492393494,,
13,129899,,,0.1387234628200531,,
13,129949,,,0.03218445926904678,,
13,129999,,,0.2009197175502777,,
13,130049,,,0.02039513923227787,,
13,130099,,,0.09412495791912079,,
13,130149,,,0.012608662247657776,,
13,130199,,,0.017904039472341537,,
13,130249,,,0.0412905290722847,,
13,130299,,,0.5409309267997742,,
13,130349,,,0.032096218317747116,,
13,130399,,,0.06132640689611435,,
13,130449,,,0.007053160108625889,,
13,130499,,,0.03585377708077431,,
13,130549,,,0.496662437915802,,
13,130599,,,0.19594112038612366,,
13,130649,,,0.0049087731167674065,,
13,130699,,,0.047135137021541595,,
13,130749,,,0.06559457629919052,,
13,130799,,,0.3615718483924866,,
13,130849,,,0.01894708350300789,,
13,130899,,,0.5960378646850586,,
13,130949,,,0.03158649057149887,,
13,130999,,,0.18752816319465637,,
13,131049,,,0.008077496662735939,,
13,131099,,,0.15600338578224182,,
13,131149,,,0.05996442586183548,,
13,131199,,,0.07970794290304184,,
13,131249,,,0.01752246916294098,,
13,131299,,,0.7830284833908081,,
13,131349,,,1.3702445030212402,,
13,131399,,,0.022321155294775963,,
13,131449,,,0.032822757959365845,,
13,131499,,,0.007173181977123022,,
13,131549,,,0.2025054395198822,,
13,131599,,,0.008576808497309685,,
13,131649,,,0.01353946328163147,,
13,131699,,,0.002520476933568716,,
13,131749,,,0.01644090935587883,,
13,131799,,,0.03176609054207802,,
13,131849,,,0.2981913685798645,,
13,131899,,,0.03270057588815689,,
13,131949,,,0.6705946922302246,,
13,131999,,,0.3085695803165436,,
13,132049,,,0.05657408386468887,,
13,132099,,,0.7668554186820984,,
13,132149,,,0.0032987832091748714,,
13,132199,,,0.02487650141119957,,
13,132249,,,0.0025644353590905666,,
13,132299,,,0.014903528615832329,,
13,132349,,,0.001624302240088582,,
13,132399,,,0.06770867109298706,,
13,132449,,,0.03352056443691254,,
13,132499,,,0.004540067166090012,,
13,132549,,,0.09916862100362778,,
13,132599,,,0.01411422062665224,,
13,132649,,,0.661771833896637,,
13,132699,,,1.0996726751327515,,
13,132749,,,0.5146009922027588,,
13,132799,,,0.022139212116599083,,
13,132849,,,1.9512361288070679,,
13,132899,,,0.004087383393198252,,
13,132949,,,0.4725054204463959,,
13,132999,,,0.16189073026180267,,
13,133049,,,0.006691115442663431,,
13,133099,,,0.03868278115987778,,
13,133149,,,0.04056284949183464,,
13,133199,,,0.13752226531505585,,
13,133249,,,0.24620231986045837,,
13,133299,,,1.0872459411621094,,
13,133349,,,0.004673134535551071,,
13,133399,,,0.27222204208374023,,
13,133449,,,0.0789995864033699,,
13,133499,,,0.5870649218559265,,
13,133549,,,0.015028735622763634,,
13,133599,,,0.01694670133292675,,
13,133649,,,0.14887404441833496,,
13,133699,,,0.006653409451246262,,
13,133749,,,0.02558056451380253,,
13,133799,,,0.7398656606674194,,
13,133849,,,0.07351113110780716,,
13,133899,,,0.7445957064628601,,
13,133949,,,0.07106323540210724,,
13,133999,,,0.5462290644645691,,
13,134049,,,0.00842268206179142,,
13,134099,,,0.6462101936340332,,
13,134149,,,0.0037250486202538013,,
13,134199,,,0.5901236534118652,,
13,134249,,,0.032697878777980804,,
13,134299,,,0.12308746576309204,,
13,134349,,,0.26020246744155884,,
13,134399,,,0.06405461579561234,,
13,134399,,,,0.9182500243186951,0.2756374180316925
14,134449,,,0.11935631185770035,,
14,134499,,,0.017402684316039085,,
14,134549,,,0.5350933074951172,,
14,134599,,,0.002082154853269458,,
14,134649,,,0.11965976655483246,,
14,134699,,,0.016753215342760086,,
14,134749,,,0.015398706309497356,,
14,134799,,,0.24997147917747498,,
14,134849,,,0.060861021280288696,,
14,134899,,,0.12003369629383087,,
14,134949,,,0.2858996093273163,,
14,134999,,,0.002168954350054264,,
14,135049,,,0.6554868817329407,,
14,135099,,,0.7298572659492493,,
14,135149,,,1.3150546550750732,,
14,135199,,,0.11919037252664566,,
14,135249,,,1.316364049911499,,
14,135299,,,0.10857272148132324,,
14,135349,,,0.22998805344104767,,
14,135399,,,0.01811007596552372,,
14,135449,,,0.39393121004104614,,
14,135499,,,0.0345834381878376,,
14,135549,,,0.010193279944360256,,
14,135599,,,0.1868838518857956,,
14,135649,,,0.05304776877164841,,
14,135699,,,0.00954403541982174,,
14,135749,,,0.14191748201847076,,
14,135799,,,0.05894237011671066,,
14,135849,,,0.13090988993644714,,
14,135899,,,0.0722179263830185,,
14,135949,,,0.2582246661186218,,
14,135999,,,0.07477892190217972,,
14,136049,,,0.05875103548169136,,
14,136099,,,0.2716659903526306,,
14,136149,,,0.06218182295560837,,
14,136199,,,0.27860814332962036,,
14,136249,,,1.568481206893921,,
14,136299,,,0.08949242532253265,,
14,136349,,,0.19249410927295685,,
14,136399,,,0.0051837801001966,,
14,136449,,,0.05204620957374573,,
14,136499,,,0.0402468666434288,,
14,136549,,,0.20940490067005157,,
14,136599,,,0.06561203300952911,,
14,136649,,,0.0683697909116745,,
14,136699,,,0.16528137028217316,,
14,136749,,,0.7028253674507141,,
14,136799,,,0.023820286616683006,,
14,136849,,,1.262681007385254,,
14,136899,,,0.005172488745301962,,
14,136949,,,0.05604490637779236,,
14,136999,,,0.37681102752685547,,
14,137049,,,0.022841962054371834,,
14,137099,,,0.07318370044231415,,
14,137149,,,0.21966949105262756,,
14,137199,,,0.019176127389073372,,
14,137249,,,0.015166671946644783,,
14,137299,,,0.03201095759868622,,
14,137349,,,0.011578157544136047,,
14,137399,,,0.5211498141288757,,
14,137449,,,0.10941863059997559,,
14,137499,,,0.263895720243454,,
14,137549,,,0.26109737157821655,,
14,137599,,,0.5705011487007141,,
14,137649,,,0.10173561424016953,,
14,137699,,,0.22462204098701477,,
14,137749,,,0.06909249722957611,,
14,137799,,,0.1627778708934784,,
14,137849,,,0.11375299841165543,,
14,137899,,,0.1021837592124939,,
14,137949,,,0.02514115907251835,,
14,137999,,,0.28034377098083496,,
14,138049,,,0.27618181705474854,,
14,138099,,,0.011822948232293129,,
14,138149,,,0.1777334362268448,,
14,138199,,,0.0035876515321433544,,
14,138249,,,0.06265973299741745,,
14,138299,,,0.02566593512892723,,
14,138349,,,0.5435669422149658,,
14,138399,,,0.0013864095089957118,,
14,138449,,,0.19907018542289734,,
14,138499,,,0.05273686721920967,,
14,138549,,,0.3433932960033417,,
14,138599,,,0.029702862724661827,,
14,138649,,,0.24472633004188538,,
14,138699,,,0.5384712815284729,,
14,138749,,,0.06862980127334595,,
14,138799,,,0.035717613995075226,,
14,138849,,,0.005849402863532305,,
14,138899,,,0.038681358098983765,,
14,138949,,,0.00899030826985836,,
14,138999,,,0.6065134406089783,,
14,139049,,,0.04794485121965408,,
14,139099,,,0.1433458924293518,,
14,139149,,,0.4677670896053314,,
14,139199,,,0.3056952655315399,,
14,139249,,,0.37189385294914246,,
14,139299,,,0.15432330965995789,,
14,139349,,,0.036922018975019455,,
14,139399,,,0.03975415974855423,,
14,139449,,,0.014307615347206593,,
14,139499,,,1.35865318775177,,
14,139549,,,0.36420008540153503,,
14,139599,,,0.16676951944828033,,
14,139649,,,0.06292472779750824,,
14,139699,,,0.09947343915700912,,
14,139749,,,0.4746477007865906,,
14,139799,,,0.04677504673600197,,
14,139849,,,0.8038263320922852,,
14,139899,,,0.044593941420316696,,
14,139949,,,0.02410759963095188,,
14,139999,,,0.4125358462333679,,
14,140049,,,0.1608586460351944,,
14,140099,,,0.005298007745295763,,
14,140149,,,0.1343318074941635,,
14,140199,,,0.06098736450076103,,
14,140249,,,0.08905138075351715,,
14,140299,,,0.04448996111750603,,
14,140349,,,0.03850343078374863,,
14,140399,,,0.45452380180358887,,
14,140449,,,0.11156876385211945,,
14,140499,,,0.08411550521850586,,
14,140549,,,0.052322499454021454,,
14,140599,,,0.0738062709569931,,
14,140649,,,0.06396231055259705,,
14,140699,,,0.17672324180603027,,
14,140749,,,0.17319178581237793,,
14,140799,,,0.9427869915962219,,
14,140849,,,0.1363166868686676,,
14,140899,,,0.5168678760528564,,
14,140949,,,0.02698710188269615,,
14,140999,,,0.01072988472878933,,
14,141049,,,0.19939523935317993,,
14,141099,,,0.029496217146515846,,
14,141149,,,0.036942027509212494,,
14,141199,,,0.2917930483818054,,
14,141249,,,0.3726404905319214,,
14,141299,,,0.0745309367775917,,
14,141349,,,0.034646205604076385,,
14,141399,,,0.009149456396698952,,
14,141449,,,0.07032102346420288,,
14,141499,,,0.005856572650372982,,
14,141549,,,0.08418484032154083,,
14,141599,,,0.6216590404510498,,
14,141649,,,0.03589219972491264,,
14,141699,,,0.008349303156137466,,
14,141749,,,0.03354467824101448,,
14,141799,,,0.39496347308158875,,
14,141849,,,0.004983492195606232,,
14,141899,,,0.19381462037563324,,
14,141949,,,0.03300265967845917,,
14,141999,,,1.0227258205413818,,
14,142049,,,0.4322350025177002,,
14,142099,,,0.01534142903983593,,
14,142149,,,0.03724759817123413,,
14,142199,,,0.30321550369262695,,
14,142249,,,0.15984615683555603,,
14,142299,,,0.13732142746448517,,
14,142349,,,0.047863613814115524,,
14,142399,,,1.7270538806915283,,
14,142449,,,0.46893566846847534,,
14,142499,,,0.03204112872481346,,
14,142549,,,1.2557713985443115,,
14,142599,,,0.0451744869351387,,
14,142649,,,0.08136165142059326,,
14,142699,,,0.01419205404818058,,
14,142749,,,0.7732797265052795,,
14,142799,,,0.43386808037757874,,
14,142849,,,0.01715155504643917,,
14,142899,,,0.00982639379799366,,
14,142949,,,0.00983851496130228,,
14,142999,,,0.1461319476366043,,
14,143049,,,0.004566360265016556,,
14,143099,,,0.01938002184033394,,
14,143149,,,0.008078185841441154,,
14,143199,,,0.09891651570796967,,
14,143249,,,0.16262225806713104,,
14,143299,,,0.07111142575740814,,
14,143349,,,0.0041002375073730946,,
14,143399,,,0.07630521804094315,,
14,143449,,,0.28591951727867126,,
14,143499,,,0.27301520109176636,,
14,143549,,,0.21036052703857422,,
14,143599,,,0.014577376656234264,,
14,143649,,,0.07426830381155014,,
14,143699,,,0.005096615292131901,,
14,143749,,,0.3802787959575653,,
14,143799,,,0.1973588764667511,,
14,143849,,,0.14235526323318481,,
14,143899,,,0.27879732847213745,,
14,143949,,,0.008469617925584316,,
14,143999,,,0.5815278887748718,,
14,143999,,,,0.92166668176651,0.2704494893550873
15,144049,,,0.7132471799850464,,
15,144099,,,0.10104608535766602,,
15,144149,,,0.12326844036579132,,
15,144199,,,0.7682960033416748,,
15,144249,,,0.1579063981771469,,
15,144299,,,0.020329685881733894,,
15,144349,,,0.18719330430030823,,
15,144399,,,0.18767689168453217,,
15,144449,,,0.027413317933678627,,
15,144499,,,0.0042802151292562485,,
15,144549,,,0.0021901477593928576,,
15,144599,,,0.0284001175314188,,
15,144649,,,0.039268795400857925,,
15,144699,,,0.03330567106604576,,
15,144749,,,0.004433225840330124,,
15,144799,,,0.005463395267724991,,
15,144849,,,0.4326396882534027,,
15,144899,,,0.09776769578456879,,
15,144949,,,0.5844355225563049,,
15,144999,,,0.34787261486053467,,
15,145049,,,0.2811608910560608,,
15,145099,,,0.5972503423690796,,
15,145149,,,0.06905103474855423,,
15,145199,,,0.009376617148518562,,
15,145249,,,0.14942610263824463,,
15,145299,,,0.04325127601623535,,
15,145349,,,1.1153203248977661,,
15,145399,,,0.09380075335502625,,
15,145449,,,0.034524429589509964,,
15,145499,,,0.0028869127854704857,,
15,145549,,,0.18855257332324982,,
15,145599,,,0.06883420050144196,,
15,145649,,,0.052122652530670166,,
15,145699,,,0.03760296106338501,,
15,145749,,,0.04859136790037155,,
15,145799,,,0.051736295223236084,,
15,145849,,,0.26891347765922546,,
15,145899,,,0.1762712299823761,,
15,145949,,,0.15651360154151917,,
15,145999,,,0.0779152438044548,,
15,146049,,,0.703338623046875,,
15,146099,,,0.05030244588851929,,
15,146149,,,0.036238498985767365,,
15,146199,,,0.019458776339888573,,
15,146249,,,0.37943440675735474,,
15,146299,,,0.3420224189758301,,
15,146349,,,0.09257704019546509,,
15,146399,,,0.05508065223693848,,
15,146449,,,0.0017792548751458526,,
15,146499,,,0.020879553630948067,,
15,146549,,,0.06467606127262115,,
15,146599,,,0.6857670545578003,,
15,146649,,,0.04694339632987976,,
15,146699,,,0.031075265258550644,,
15,146749,,,0.012358443811535835,,
15,146799,,,0.025587808340787888,,
15,146849,,,0.38069429993629456,,
15,146899,,,0.07970943301916122,,
15,146949,,,0.044328805059194565,,
15,146999,,,1.0392500162124634,,
15,147049,,,0.9576937556266785,,
15,147099,,,0.03203990310430527,,
15,147149,,,0.19638338685035706,,
15,147199,,,0.0911499410867691,,
15,147249,,,0.27907249331474304,,
15,147299,,,0.38594943284988403,,
15,147349,,,0.09662069380283356,,
15,147399,,,0.0836511105298996,,
15,147449,,,0.027658144012093544,,
15,147499,,,0.24744458496570587,,
15,147549,,,0.5368757247924805,,
15,147599,,,0.18337273597717285,,
15,147649,,,0.04885701835155487,,
15,147699,,,0.04017039015889168,,
15,147749,,,0.09285618364810944,,
15,147799,,,0.011007243767380714,,
15,147849,,,0.2761083245277405,,
15,147899,,,0.0269850492477417,,
15,147949,,,0.062108397483825684,,
15,147999,,,0.032380081713199615,,
15,148049,,,0.009665444493293762,,
15,148099,,,0.0646643191576004,,
15,148149,,,0.18614836037158966,,
15,148199,,,0.0451250858604908,,
15,148249,,,0.0035692579112946987,,
15,148299,,,0.011955639347434044,,
15,148349,,,0.07350468635559082,,
15,148399,,,0.09582017362117767,,
15,148449,,,0.02440129965543747,,
15,148499,,,0.009215080179274082,,
15,148549,,,0.6766008734703064,,
15,148599,,,0.011701546609401703,,
15,148649,,,0.5643411874771118,,
15,148699,,,0.2289518415927887,,
15,148749,,,0.0231016855686903,,
15,148799,,,0.048920247703790665,,
15,148849,,,0.007175238337367773,,
15,148899,,,0.014895698055624962,,
15,148949,,,0.3749611973762512,,
15,148999,,,0.14973512291908264,,
15,149049,,,0.16980376839637756,,
15,149099,,,0.006392116658389568,,
15,149149,,,0.4758826196193695,,
15,149199,,,0.013433849439024925,,
15,149249,,,0.03631586953997612,,
15,149299,,,0.0032508571166545153,,
15,149349,,,0.009715625084936619,,
15,149399,,,0.03135652095079422,,
15,149449,,,0.12164876610040665,,
15,149499,,,0.0075745051726698875,,
15,149549,,,0.006638079881668091,,
15,149599,,,0.025217238813638687,,
15,149649,,,0.3614715337753296,,
15,149699,,,0.005472314078360796,,
15,149749,,,0.30221623182296753,,
15,149799,,,0.6431626081466675,,
15,149849,,,0.0035891488660126925,,
15,149899,,,0.14098361134529114,,
15,149949,,,0.04438377171754837,,
15,149999,,,0.08639557659626007,,
15,150049,,,0.08812639117240906,,
15,150099,,,0.00694428151473403,,
15,150149,,,0.0051277680322527885,,
15,150199,,,0.24213877320289612,,
15,150249,,,0.01596386358141899,,
15,150299,,,0.037361521273851395,,
15,150349,,,0.01998666673898697,,
15,150399,,,0.049674540758132935,,
15,150449,,,0.0754101574420929,,
15,150499,,,0.11955510079860687,,
15,150549,,,0.003567973617464304,,
15,150599,,,0.8909346461296082,,
15,150649,,,0.87593013048172,,
15,150699,,,0.07626251131296158,,
15,150749,,,0.18205074965953827,,
15,150799,,,0.010823359712958336,,
15,150849,,,0.08569938689470291,,
15,150899,,,0.13672097027301788,,
15,150949,,,0.1996571123600006,,
15,150999,,,0.24068334698677063,,
15,151049,,,0.04823978990316391,,
15,151099,,,0.005894026719033718,,
15,151149,,,0.10809792578220367,,
15,151199,,,0.022184157744050026,,
15,151249,,,0.5397368669509888,,
15,151299,,,0.4683528542518616,,
15,151349,,,0.006816195789724588,,
15,151399,,,0.057147543877363205,,
15,151449,,,0.024960029870271683,,
15,151499,,,1.597169280052185,,
15,151549,,,0.011575436219573021,,
15,151599,,,0.06943237036466599,,
15,151649,,,0.01450310368090868,,
15,151699,,,0.014399630017578602,,
15,151749,,,0.21708986163139343,,
15,151799,,,0.6208750605583191,,
15,151849,,,1.068763256072998,,
15,151899,,,0.3237358033657074,,
15,151949,,,0.035343196243047714,,
15,151999,,,0.283184677362442,,
15,152049,,,0.0520341694355011,,
15,152099,,,0.16095462441444397,,
15,152149,,,0.030477473512291908,,
15,152199,,,0.009282246232032776,,
15,152249,,,0.23115424811840057,,
15,152299,,,0.9164310693740845,,
15,152349,,,0.0611199215054512,,
15,152399,,,0.011130102910101414,,
15,152449,,,0.138296976685524,,
15,152499,,,0.12472978979349136,,
15,152549,,,0.11896170675754547,,
15,152599,,,1.1306664943695068,,
15,152649,,,0.13091053068637848,,
15,152699,,,0.014690348878502846,,
15,152749,,,0.045059144496917725,,
15,152799,,,0.16753575205802917,,
15,152849,,,0.010150952264666557,,
15,152899,,,0.009442794136703014,,
15,152949,,,0.008250994607806206,,
15,152999,,,0.039630912244319916,,
15,153049,,,0.6915534734725952,,
15,153099,,,0.5711019039154053,,
15,153149,,,0.087216816842556,,
15,153199,,,0.2060583531856537,,
15,153249,,,0.013265672139823437,,
15,153299,,,0.30360302329063416,,
15,153349,,,0.21093443036079407,,
15,153399,,,0.15693475306034088,,
15,153449,,,0.014062806963920593,,
15,153499,,,0.42434248328208923,,
15,153549,,,0.49875861406326294,,
15,153599,,,0.027190258726477623,,
15,153599,,,,0.922249972820282,0.2515333294868469
16,153649,,,0.12126179039478302,,
16,153699,,,0.003761346684768796,,
16,153749,,,0.06318836659193039,,
16,153799,,,0.11281146109104156,,
16,153849,,,0.9302887916564941,,
16,153899,,,0.06327571719884872,,
16,153949,,,0.30577266216278076,,
16,153999,,,0.009375430643558502,,
16,154049,,,0.008572309277951717,,
16,154099,,,0.01764451153576374,,
16,154149,,,0.03068532980978489,,
16,154199,,,0.22595743834972382,,
16,154249,,,0.0546785406768322,,
16,154299,,,0.32496827840805054,,
16,154349,,,0.0012680984800681472,,
16,154399,,,0.018120989203453064,,
16,154449,,,0.2939605712890625,,
16,154499,,,0.8277822732925415,,
16,154549,,,0.1521720588207245,,
16,154599,,,0.25402578711509705,,
16,154649,,,0.06506779044866562,,
16,154699,,,0.974366307258606,,
16,154749,,,0.19086146354675293,,
16,154799,,,0.07115371525287628,,
16,154849,,,0.1531374305486679,,
16,154899,,,0.06180533021688461,,
16,154949,,,0.09000334143638611,,
16,154999,,,0.2240849733352661,,
16,155049,,,0.6986839175224304,,
16,155099,,,0.6960904598236084,,
16,155149,,,0.3696613907814026,,
16,155199,,,0.3013569414615631,,
16,155249,,,0.1943797618150711,,
16,155299,,,0.25069838762283325,,
16,155349,,,0.11693259328603745,,
16,155399,,,0.050710536539554596,,
16,155449,,,1.0856642723083496,,
16,155499,,,0.006323394365608692,,
16,155549,,,0.009090246632695198,,
16,155599,,,0.8537473678588867,,
16,155649,,,0.08184827864170074,,
16,155699,,,0.2389952689409256,,
16,155749,,,0.1413709968328476,,
16,155799,,,0.11235415935516357,,
16,155849,,,0.05608794093132019,,
16,155899,,,0.10211720317602158,,
16,155949,,,0.08801580965518951,,
16,155999,,,0.0014412751188501716,,
16,156049,,,0.1531970202922821,,
16,156099,,,0.3330004811286926,,
16,156149,,,0.14191487431526184,,
16,156199,,,0.1646626591682434,,
16,156249,,,2.3637213706970215,,
16,156299,,,0.020252659916877747,,
16,156349,,,0.02559053897857666,,
16,156399,,,0.07268111407756805,,
16,156449,,,0.07228422164916992,,
16,156499,,,0.059778641909360886,,
16,156549,,,0.08433563262224197,,
16,156599,,,0.027239132672548294,,
16,156649,,,0.009794800542294979,,
16,156699,,,0.18705470860004425,,
16,156749,,,0.7211395502090454,,
16,156799,,,0.90302973985672,,
16,156849,,,0.27141374349594116,,
16,156899,,,0.06604911386966705,,
16,156949,,,0.131334587931633,,
16,156999,,,0.07778875529766083,,
16,157049,,,0.016209464520215988,,
16,157099,,,0.03169798105955124,,
16,157149,,,0.1266341507434845,,
16,157199,,,0.7122305631637573,,
16,157249,,,0.06134861707687378,,
16,157299,,,0.24814791977405548,,
16,157349,,,0.247065469622612,,
16,157399,,,0.2689904570579529,,
16,157449,,,0.01842864602804184,,
16,157499,,,0.026277706027030945,,
16,157549,,,0.07396919280290604,,
16,157599,,,0.03273417428135872,,
16,157649,,,0.016229158267378807,,
16,157699,,,0.013622711412608624,,
16,157749,,,0.8090105056762695,,
16,157799,,,0.025144463405013084,,
16,157849,,,0.4040946960449219,,
16,157899,,,0.07129661738872528,,
16,157949,,,1.3902976512908936,,
16,157999,,,0.12514016032218933,,
16,158049,,,0.01370982825756073,,
16,158099,,,0.0225459523499012,,
16,158149,,,0.010215033777058125,,
16,158199,,,0.35544711351394653,,
16,158249,,,0.04675009101629257,,
16,158299,,,0.07072599232196808,,
16,158349,,,0.4841074049472809,,
16,158399,,,0.014279057271778584,,
16,158449,,,0.012005412019789219,,
16,158499,,,0.43945255875587463,,
16,158549,,,0.35746368765830994,,
16,158599,,,0.4107432961463928,,
16,158649,,,0.45148569345474243,,
16,158699,,,0.047266751527786255,,
16,158749,,,0.09734316915273666,,
16,158799,,,0.1432671844959259,,
16,158849,,,0.17019538581371307,,
16,158899,,,0.12620466947555542,,
16,158949,,,0.006176191382110119,,
16,158999,,,0.4165262281894684,,
16,159049,,,0.11939901113510132,,
16,159099,,,0.028699759393930435,,
16,159149,,,0.012910006567835808,,
16,159199,,,0.2604507505893707,,
16,159249,,,0.050376515835523605,,
16,159299,,,0.185670405626297,,
16,159349,,,0.04908083379268646,,
16,159399,,,1.2241723537445068,,
16,159449,,,0.0407852940261364,,
16,159499,,,0.07047372311353683,,
16,159549,,,0.02649703621864319,,
16,159599,,,0.014771820977330208,,
16,159649,,,0.2678041160106659,,
16,159699,,,0.02211187407374382,,
16,159749,,,0.6793714761734009,,
16,159799,,,0.009909866377711296,,
16,159849,,,0.08857221901416779,,
16,159899,,,0.025824803858995438,,
16,159949,,,0.7220912575721741,,
16,159999,,,0.038330622017383575,,
16,160049,,,0.02134331502020359,,
16,160099,,,0.07898275554180145,,
16,160149,,,0.022559307515621185,,
16,160199,,,0.41996535658836365,,
16,160249,,,0.4878832697868347,,
16,160299,,,0.27781397104263306,,
16,160349,,,0.042443133890628815,,
16,160399,,,0.26184821128845215,,
16,160449,,,0.4012458324432373,,
16,160499,,,0.04094710201025009,,
16,160549,,,0.050436653196811676,,
16,160599,,,0.15257678925991058,,
16,160649,,,0.005356532987207174,,
16,160699,,,0.05686010792851448,,
16,160749,,,0.014735795557498932,,
16,160799,,,0.001717876992188394,,
16,160849,,,0.0021284460090100765,,
16,160899,,,0.028570551425218582,,
16,160949,,,0.016754943877458572,,
16,160999,,,0.01842610351741314,,
16,161049,,,2.200294017791748,,
16,161099,,,0.10419891774654388,,
16,161149,,,0.009570900350809097,,
16,161199,,,0.003283181693404913,,
16,161249,,,0.0007890377310104668,,
16,161299,,,0.28467676043510437,,
16,161349,,,0.20066063106060028,,
16,161399,,,0.16892096400260925,,
16,161449,,,0.014069494791328907,,
16,161499,,,2.107358694076538,,
16,161549,,,0.23069854080677032,,
16,161599,,,0.038662951439619064,,
16,161649,,,0.27342328429222107,,
16,161699,,,0.10242147743701935,,
16,161749,,,0.002082084072753787,,
16,161799,,,0.018476281315088272,,
16,161849,,,0.2660233676433563,,
16,161899,,,0.393643319606781,,
16,161949,,,0.02681785449385643,,
16,161999,,,0.1823909729719162,,
16,162049,,,0.0029534792993217707,,
16,162099,,,0.007896317169070244,,
16,162149,,,0.08146193623542786,,
16,162199,,,0.06061960384249687,,
16,162249,,,0.003597018076106906,,
16,162299,,,0.017583269625902176,,
16,162349,,,0.0259551964700222,,
16,162399,,,0.010741769336163998,,
16,162449,,,0.5507484674453735,,
16,162499,,,1.7334617376327515,,
16,162549,,,0.12329865992069244,,
16,162599,,,0.018091905862092972,,
16,162649,,,0.03852630406618118,,
16,162699,,,0.016764545813202858,,
16,162749,,,0.36684364080429077,,
16,162799,,,0.2287594974040985,,
16,162849,,,0.030139649286866188,,
16,162899,,,0.35705670714378357,,
16,162949,,,0.19344916939735413,,
16,162999,,,0.009530194103717804,,
16,163049,,,0.030977359041571617,,
16,163099,,,0.002286019269376993,,
16,163149,,,0.010515207424759865,,
16,163199,,,0.09770111739635468,,
16,163199,,,,0.9301666617393494,0.2494569569826126
17,163249,,,0.05375417321920395,,
17,163299,,,0.2896605134010315,,
17,163349,,,0.5064812898635864,,
17,163399,,,0.0638982504606247,,
17,163449,,,0.19109728932380676,,
17,163499,,,0.028357457369565964,,
17,163549,,,0.12466593086719513,,
17,163599,,,0.08367689698934555,,
17,163649,,,0.03153599053621292,,
17,163699,,,0.07325027883052826,,
17,163749,,,0.005494042299687862,,
17,163799,,,0.014377514831721783,,
17,163849,,,0.0966918095946312,,
17,163899,,,0.04813115671277046,,
17,163949,,,0.0077920458279550076,,
17,163999,,,0.009245019406080246,,
17,164049,,,0.3179633617401123,,
17,164099,,,0.01947796903550625,,
17,164149,,,0.001779842539690435,,
17,164199,,,0.016306903213262558,,
17,164249,,,0.028366511687636375,,
17,164299,,,0.06159830093383789,,
17,164349,,,0.28780698776245117,,
17,164399,,,0.20321515202522278,,
17,164449,,,0.22118346393108368,,
17,164499,,,0.09244074672460556,,
17,164549,,,0.09121473133563995,,
17,164599,,,0.07973750680685043,,
17,164649,,,0.0080008115619421,,
17,164699,,,0.028336649760603905,,
17,164749,,,0.2697811424732208,,
17,164799,,,0.2984154224395752,,
17,164849,,,0.02060094103217125,,
17,164899,,,0.08812981843948364,,
17,164949,,,0.8486318588256836,,
17,164999,,,0.12124621868133545,,
17,165049,,,0.3153584897518158,,
17,165099,,,0.5405827760696411,,
17,165149,,,0.016684506088495255,,
17,165199,,,0.03630002960562706,,
17,165249,,,0.04355618730187416,,
17,165299,,,0.1567535102367401,,
17,165349,,,0.0066398391500115395,,
17,165399,,,0.7948984503746033,,
17,165449,,,0.015076431445777416,,
17,165499,,,0.0158003568649292,,
17,165549,,,0.20714199542999268,,
17,165599,,,0.12834015488624573,,
17,165649,,,0.0221242755651474,,
17,165699,,,0.012873873114585876,,
17,165749,,,0.13915063440799713,,
17,165799,,,0.04373602196574211,,
17,165849,,,0.036220651119947433,,
17,165899,,,0.053068675100803375,,
17,165949,,,0.28080958127975464,,
17,165999,,,0.07642804086208344,,
17,166049,,,0.007742837071418762,,
17,166099,,,0.33548903465270996,,
17,166149,,,0.31502047181129456,,
17,166199,,,0.035163961350917816,,
17,166249,,,0.023211125284433365,,
17,166299,,,0.1727263182401657,,
17,166349,,,0.033778805285692215,,
17,166399,,,0.3204199969768524,,
17,166449,,,0.08200131356716156,,
17,166499,,,0.010639598593115807,,
17,166549,,,0.04398176819086075,,
17,166599,,,0.18772658705711365,,
17,166649,,,0.2517032027244568,,
17,166699,,,0.02137753926217556,,
17,166749,,,0.5129227638244629,,
17,166799,,,0.19173341989517212,,
17,166849,,,0.18918108940124512,,
17,166899,,,0.13345377147197723,,
17,166949,,,0.02272663079202175,,
17,166999,,,0.13816127181053162,,
17,167049,,,0.23508432507514954,,
17,167099,,,0.013866670429706573,,
17,167149,,,0.2501997947692871,,
17,167199,,,0.4509405493736267,,
17,167249,,,0.040902651846408844,,
17,167299,,,1.2599828243255615,,
17,167349,,,0.6148949861526489,,
17,167399,,,0.08429324626922607,,
17,167449,,,0.009353067725896835,,
17,167499,,,0.01250297762453556,,
17,167549,,,0.010018997825682163,,
17,167599,,,0.014773416332900524,,
17,167649,,,0.02830810472369194,,
17,167699,,,0.03418426960706711,,
17,167749,,,0.0025385278277099133,,
17,167799,,,0.12085048109292984,,
17,167849,,,0.042555976659059525,,
17,167899,,,0.4312214255332947,,
17,167949,,,0.06375543773174286,,
17,167999,,,0.040252357721328735,,
17,168049,,,0.1907123327255249,,
17,168099,,,0.011438623070716858,,
17,168149,,,0.04705134779214859,,
17,168199,,,0.012739121913909912,,
17,168249,,,0.4469571113586426,,
17,168299,,,0.0753016322851181,,
17,168349,,,0.6224446296691895,,
17,168399,,,0.14901813864707947,,
17,168449,,,0.06762631237506866,,
17,168499,,,0.09818628430366516,,
17,168549,,,0.015843044966459274,,
17,168599,,,0.012939994223415852,,
17,168649,,,2.497889518737793,,
17,168699,,,0.044867485761642456,,
17,168749,,,0.007724412716925144,,
17,168799,,,0.12233121693134308,,
17,168849,,,0.0022671720944344997,,
17,168899,,,0.002106525469571352,,
17,168949,,,0.676079511642456,,
17,168999,,,0.06535227596759796,,
17,169049,,,0.021766558289527893,,
17,169099,,,0.250236451625824,,
17,169149,,,0.04444054514169693,,
17,169199,,,0.051229171454906464,,
17,169249,,,0.06732729077339172,,
17,169299,,,0.006376032717525959,,
17,169349,,,0.09571970999240875,,
17,169399,,,0.14355362951755524,,
17,169449,,,0.0029658866114914417,,
17,169499,,,0.16745010018348694,,
17,169549,,,1.0390455722808838,,
17,169599,,,0.07160559296607971,,
17,169649,,,0.020578866824507713,,
17,169699,,,0.016531391069293022,,
17,169749,,,0.016977233812212944,,
17,169799,,,0.031024357303977013,,
17,169849,,,0.4279399812221527,,
17,169899,,,0.009505960159003735,,
17,169949,,,0.008389635942876339,,
17,169999,,,0.007913894951343536,,
17,170049,,,0.010449245572090149,,
17,170099,,,0.003339851973578334,,
17,170149,,,1.0173335075378418,,
17,170199,,,0.012564040720462799,,
17,170249,,,0.1200498566031456,,
17,170299,,,0.20804445445537567,,
17,170349,,,0.00898103229701519,,
17,170399,,,0.09310711175203323,,
17,170449,,,0.041603125631809235,,
17,170499,,,0.2031448781490326,,
17,170549,,,0.36404290795326233,,
17,170599,,,0.005512171424925327,,
17,170649,,,0.08152297884225845,,
17,170699,,,0.004301188513636589,,
17,170749,,,0.06558024883270264,,
17,170799,,,0.11568444967269897,,
17,170849,,,0.02830534800887108,,
17,170899,,,0.27026602625846863,,
17,170949,,,0.016815368086099625,,
17,170999,,,0.509472131729126,,
17,171049,,,0.8122820854187012,,
17,171099,,,0.0029808073304593563,,
17,171149,,,0.0017197927227243781,,
17,171199,,,0.015921596437692642,,
17,171249,,,1.2402021884918213,,
17,171299,,,0.0031116842292249203,,
17,171349,,,0.10567933320999146,,
17,171399,,,0.5903558731079102,,
17,171449,,,0.5459818840026855,,
17,171499,,,0.07975289225578308,,
17,171549,,,0.05065947771072388,,
17,171599,,,0.010501145385205746,,
17,171649,,,0.06837792694568634,,
17,171699,,,0.014960231259465218,,
17,171749,,,0.012449739500880241,,
17,171799,,,0.03429293632507324,,
17,171849,,,0.2389828860759735,,
17,171899,,,1.5563242435455322,,
17,171949,,,1.9286482334136963,,
17,171999,,,0.07153996080160141,,
17,172049,,,0.22653622925281525,,
17,172099,,,0.01571221649646759,,
17,172149,,,1.0329015254974365,,
17,172199,,,0.012293254025280476,,
17,172249,,,0.4298373758792877,,
17,172299,,,1.4291892051696777,,
17,172349,,,1.2159621715545654,,
17,172399,,,0.30372604727745056,,
17,172449,,,0.09097014367580414,,
17,172499,,,0.007669691927731037,,
17,172549,,,0.006257121451199055,,
17,172599,,,0.0027063547167927027,,
17,172649,,,0.16870597004890442,,
17,172699,,,0.18924668431282043,,
17,172749,,,0.013812020421028137,,
17,172799,,,0.23973628878593445,,
17,172799,,,,0.9273333549499512,0.2440325915813446
18,172849,,,0.25359973311424255,,
18,172899,,,0.027370909228920937,,
18,172949,,,0.08103664219379425,,
18,172999,,,0.21378275752067566,,
18,173049,,,0.022184567525982857,,
18,173099,,,0.41366472840309143,,
18,173149,,,0.03164399787783623,,
18,173199,,,0.007959561422467232,,
18,173249,,,0.12070439010858536,,
18,173299,,,0.014681207947432995,,
18,173349,,,0.010207314975559711,,
18,173399,,,0.11605056375265121,,
18,173449,,,0.049804121255874634,,
18,173499,,,0.06925484538078308,,
18,173549,,,0.911998450756073,,
18,173599,,,0.03060145117342472,,
18,173649,,,0.007976362481713295,,
18,173699,,,0.008619001135230064,,
18,173749,,,0.029427558183670044,,
18,173799,,,0.10573192685842514,,
18,173849,,,0.006949285510927439,,
18,173899,,,0.006272879894822836,,
18,173949,,,0.16407263278961182,,
18,173999,,,0.17298147082328796,,
18,174049,,,0.22566092014312744,,
18,174099,,,0.048549700528383255,,
18,174149,,,0.42408403754234314,,
18,174199,,,0.34577563405036926,,
18,174249,,,0.12702639400959015,,
18,174299,,,0.027748223394155502,,
18,174349,,,0.010394938290119171,,
18,174399,,,0.007154381368309259,,
18,174449,,,0.016635267063975334,,
18,174499,,,0.05198323726654053,,
18,174549,,,0.11117297410964966,,
18,174599,,,0.08662056922912598,,
18,174649,,,0.4733673632144928,,
18,174699,,,0.3666967749595642,,
18,174749,,,0.1456167846918106,,
18,174799,,,0.0164289902895689,,
18,174849,,,0.2595064640045166,,
18,174899,,,1.0126097202301025,,
18,174949,,,0.16419248282909393,,
18,174999,,,0.0685139074921608,,
18,175049,,,0.8254693746566772,,
18,175099,,,0.0616137757897377,,
18,175149,,,0.0024259842466562986,,
18,175199,,,0.008162728510797024,,
18,175249,,,0.19971530139446259,,
18,175299,,,0.0020023405086249113,,
18,175349,,,0.1870773881673813,,
18,175399,,,0.09573598951101303,,
18,175449,,,0.05644209310412407,,
18,175499,,,0.26033052802085876,,
18,175549,,,0.011254246346652508,,
18,175599,,,0.09270764887332916,,
18,175649,,,0.2028423249721527,,
18,175699,,,0.011788374744355679,,
18,175749,,,0.5047094225883484,,
18,175799,,,0.0048195356503129005,,
18,175849,,,0.006965904030948877,,
18,175899,,,0.642250120639801,,
18,175949,,,0.005974259227514267,,
18,175999,,,0.0069110700860619545,,
18,176049,,,0.07941893488168716,,
18,176099,,,0.28806188702583313,,
18,176149,,,0.011569125577807426,,
18,176199,,,0.5888151526451111,,
18,176249,,,1.5165995359420776,,
18,176299,,,0.8646327257156372,,
18,176349,,,0.021908435970544815,,
18,176399,,,0.9863346219062805,,
18,176449,,,0.271785169839859,,
18,176499,,,0.04750042408704758,,
18,176549,,,0.004720463417470455,,
18,176599,,,0.02133013680577278,,
18,176649,,,0.02124210260808468,,
18,176699,,,1.073393702507019,,
18,176749,,,1.0327720642089844,,
18,176799,,,0.3810475468635559,,
18,176849,,,0.3805784583091736,,
18,176899,,,0.0116163594648242,,
18,176949,,,0.09492085129022598,,
18,176999,,,0.0007107529672794044,,
18,177049,,,0.10049233585596085,,
18,177099,,,0.1143600344657898,,
18,177149,,,0.5842586755752563,,
18,177199,,,0.1464061141014099,,
18,177249,,,0.4340367913246155,,
18,177299,,,0.020984260365366936,,
18,177349,,,0.010837225243449211,,
18,177399,,,1.572961449623108,,
18,177449,,,0.03232243284583092,,
18,177499,,,0.12049715220928192,,
18,177549,,,0.7532051205635071,,
18,177599,,,0.35205522179603577,,
18,177649,,,1.5325701236724854,,
18,177699,,,0.418912798166275,,
18,177749,,,0.028928523883223534,,
18,177799,,,0.5703926086425781,,
18,177849,,,0.3227558135986328,,
18,177899,,,0.6067608594894409,,
18,177949,,,0.3702559471130371,,
18,177999,,,0.3163887858390808,,
18,178049,,,0.03040006384253502,,
18,178099,,,0.07227545976638794,,
18,178149,,,0.07318036258220673,,
18,178199,,,0.03180726617574692,,
18,178249,,,0.013443338684737682,,
18,178299,,,1.011396050453186,,
18,178349,,,0.11757810413837433,,
18,178399,,,0.5382424592971802,,
18,178449,,,0.5012028217315674,,
18,178499,,,0.343843013048172,,
18,178549,,,0.10841131210327148,,
18,178599,,,0.035498566925525665,,
18,178649,,,1.3909245729446411,,
18,178699,,,0.03279982879757881,,
18,178749,,,0.018627865239977837,,
18,178799,,,0.21494042873382568,,
18,178849,,,0.46756380796432495,,
18,178899,,,0.08494600653648376,,
18,178949,,,0.06232956051826477,,
18,178999,,,0.12582458555698395,,
18,179049,,,0.044398222118616104,,
18,179099,,,0.027368659153580666,,
18,179149,,,0.41234391927719116,,
18,179199,,,0.01989801786839962,,
18,179249,,,0.06641387939453125,,
18,179299,,,0.10270430147647858,,
18,179349,,,0.0020812945440411568,,
18,179399,,,0.013513696379959583,,
18,179449,,,0.5293840765953064,,
18,179499,,,0.03723301738500595,,
18,179549,,,0.0661085918545723,,
18,179599,,,0.0016392897814512253,,
18,179649,,,0.03249941021203995,,
18,179699,,,0.05080627277493477,,
18,179749,,,0.06547340005636215,,
18,179799,,,0.3080657124519348,,
18,179849,,,0.012242826633155346,,
18,179899,,,0.08456931263208389,,
18,179949,,,0.018084600567817688,,
18,179999,,,0.043732158839702606,,
18,180049,,,0.47606950998306274,,
18,180099,,,0.7005846500396729,,
18,180149,,,0.13800662755966187,,
18,180199,,,0.47346147894859314,,
18,180249,,,0.33374732732772827,,
18,180299,,,0.05123443156480789,,
18,180349,,,0.09193027019500732,,
18,180399,,,0.1082705706357956,,
18,180449,,,0.018275294452905655,,
18,180499,,,0.8302706480026245,,
18,180549,,,0.03819551691412926,,
18,180599,,,0.0008282437920570374,,
18,180649,,,1.266618251800537,,
18,180699,,,0.42134642601013184,,
18,180749,,,0.28715988993644714,,
18,180799,,,0.3269581198692322,,
18,180849,,,0.0536879301071167,,
18,180899,,,0.3061904013156891,,
18,180949,,,0.19316788017749786,,
18,180999,,,0.23614557087421417,,
18,181049,,,0.005134304519742727,,
18,181099,,,0.1450454443693161,,
18,181149,,,0.01065206527709961,,
18,181199,,,0.3101930022239685,,
18,181249,,,0.22885814309120178,,
18,181299,,,0.1123882532119751,,
18,181349,,,0.1522814929485321,,
18,181399,,,0.10816027224063873,,
18,181449,,,0.05957604572176933,,
18,181499,,,0.2943538427352905,,
18,181549,,,0.09829723089933395,,
18,181599,,,0.01758464053273201,,
18,181649,,,0.05783362314105034,,
18,181699,,,0.7869144082069397,,
18,181749,,,0.6762622594833374,,
18,181799,,,0.15672627091407776,,
18,181849,,,0.464531272649765,,
18,181899,,,0.15365135669708252,,
18,181949,,,0.8203223347663879,,
18,181999,,,0.028571799397468567,,
18,182049,,,0.7312893867492676,,
18,182099,,,0.024516869336366653,,
18,182149,,,0.013278214260935783,,
18,182199,,,0.05195535346865654,,
18,182249,,,0.04569639265537262,,
18,182299,,,0.007491331547498703,,
18,182349,,,0.15044906735420227,,
18,182399,,,0.20800061523914337,,
18,182399,,,,0.9286666512489319,0.23876094818115234
19,182449,,,0.001506614382378757,,
19,182499,,,0.612030029296875,,
19,182549,,,0.09615766257047653,,
19,182599,,,0.04380393400788307,,
19,182649,,,0.09749538451433182,,
19,182699,,,0.09397979080677032,,
19,182749,,,0.19836999475955963,,
19,182799,,,0.08296465128660202,,
19,182849,,,0.00878123939037323,,
19,182899,,,0.006061749067157507,,
19,182949,,,0.06367413699626923,,
19,182999,,,0.004211505874991417,,
19,183049,,,0.09635122865438461,,
19,183099,,,0.023577533662319183,,
19,183149,,,0.05119884014129639,,
19,183199,,,0.03447004407644272,,
19,183249,,,0.02390480600297451,,
19,183299,,,0.014573481865227222,,
19,183349,,,0.02463080734014511,,
19,183399,,,0.019251441583037376,,
19,183449,,,0.05907539278268814,,
19,183499,,,0.8516498804092407,,
19,183549,,,0.014923974871635437,,
19,183599,,,0.009271356277167797,,
19,183649,,,0.12006263434886932,,
19,183699,,,0.007913042791187763,,
19,183749,,,0.6737997531890869,,
19,183799,,,0.06652966141700745,,
19,183849,,,0.028523340821266174,,
19,183899,,,0.011597326025366783,,
19,183949,,,0.01874195970594883,,
19,183999,,,0.03134828060865402,,
19,184049,,,0.1254051923751831,,
19,184099,,,0.018472153693437576,,
19,184149,,,0.0700237825512886,,
19,184199,,,0.004347354173660278,,
19,184249,,,0.4858713746070862,,
19,184299,,,0.06709807366132736,,
19,184349,,,0.08056653290987015,,
19,184399,,,0.9974777102470398,,
19,184449,,,0.031791310757398605,,
19,184499,,,0.3187836706638336,,
19,184549,,,0.6917840242385864,,
19,184599,,,0.48085126280784607,,
19,184649,,,0.051395051181316376,,
19,184699,,,0.6285156011581421,,
19,184749,,,0.29477906227111816,,
19,184799,,,0.13662979006767273,,
19,184849,,,0.13915707170963287,,
19,184899,,,0.10253448784351349,,
19,184949,,,0.7428053021430969,,
19,184999,,,0.011158507317304611,,
19,185049,,,0.015766775235533714,,
19,185099,,,0.1357601135969162,,
19,185149,,,0.025986090302467346,,
19,185199,,,0.34849244356155396,,
19,185249,,,0.1331673115491867,,
19,185299,,,0.02656923606991768,,
19,185349,,,0.07732734829187393,,
19,185399,,,0.01062769629061222,,
19,185449,,,0.04938673973083496,,
19,185499,,,0.018359828740358353,,
19,185549,,,0.08086919784545898,,
19,185599,,,0.5359507203102112,,
19,185649,,,0.09920480102300644,,
19,185699,,,0.04418497532606125,,
19,185749,,,0.013980304822325706,,
19,185799,,,0.027249108999967575,,
19,185849,,,0.0292949378490448,,
19,185899,,,0.05813855677843094,,
19,185949,,,0.29746782779693604,,
19,185999,,,0.48028165102005005,,
19,186049,,,0.004999394062906504,,
19,186099,,,1.0402905941009521,,
19,186149,,,0.7230666279792786,,
19,186199,,,0.36033785343170166,,
19,186249,,,0.08241505920886993,,
19,186299,,,0.4792361259460449,,
19,186349,,,0.26267746090888977,,
19,186399,,,0.01175178587436676,,
19,186449,,,0.06610629707574844,,
19,186499,,,0.046979375183582306,,
19,186549,,,0.011204802431166172,,
19,186599,,,0.01389909815043211,,
19,186649,,,0.00946896243840456,,
19,186699,,,0.10218530893325806,,
19,186749,,,0.04775223881006241,,
19,186799,,,0.17596745491027832,,
19,186849,,,0.020138496533036232,,
19,186899,,,0.8778368234634399,,
19,186949,,,0.007074189838021994,,
19,186999,,,0.02416551299393177,,
19,187049,,,0.20108990371227264,,
19,187099,,,0.11542115360498428,,
19,187149,,,0.08038447052240372,,
19,187199,,,0.031184732913970947,,
19,187249,,,0.28273627161979675,,
19,187299,,,0.9634068608283997,,
19,187349,,,1.0318540334701538,,
19,187399,,,0.019391227513551712,,
19,187449,,,0.08115850389003754,,
19,187499,,,0.027757462114095688,,
19,187549,,,0.10173274576663971,,
19,187599,,,0.11689253151416779,,
19,187649,,,0.033637966960668564,,
19,187699,,,0.03878270834684372,,
19,187749,,,0.003812432289123535,,
19,187799,,,0.050265323370695114,,
19,187849,,,0.0666205883026123,,
19,187899,,,0.9574249386787415,,
19,187949,,,0.44080743193626404,,
19,187999,,,0.009466584771871567,,
19,188049,,,0.6290743947029114,,
19,188099,,,0.06517715752124786,,
19,188149,,,0.0022458923049271107,,
19,188199,,,0.11367138475179672,,
19,188249,,,0.3962673544883728,,
19,188299,,,0.7608222961425781,,
19,188349,,,0.004269529599696398,,
19,188399,,,0.10869644582271576,,
19,188449,,,0.23020973801612854,,
19,188499,,,0.7018089890480042,,
19,188549,,,0.9915887713432312,,
19,188599,,,0.11206819117069244,,
19,188649,,,0.2652819752693176,,
19,188699,,,0.039732541888952255,,
19,188749,,,0.009140485897660255,,
19,188799,,,0.11911208927631378,,
19,188849,,,0.004593805409967899,,
19,188899,,,0.20224037766456604,,
19,188949,,,0.013142483308911324,,
19,188999,,,0.5672717690467834,,
19,189049,,,0.07318727672100067,,
19,189099,,,0.10387615114450455,,
19,189149,,,0.004356415010988712,,
19,189199,,,0.00465605640783906,,
19,189249,,,0.022053604945540428,,
19,189299,,,0.1333431452512741,,
19,189349,,,0.0042217569425702095,,
19,189399,,,0.01880800724029541,,
19,189449,,,0.4671943783760071,,
19,189499,,,0.32326483726501465,,
19,189549,,,0.005614647176116705,,
19,189599,,,0.1880989819765091,,
19,189649,,,0.12405665218830109,,
19,189699,,,0.016370799392461777,,
19,189749,,,0.051808733493089676,,
19,189799,,,0.02483757957816124,,
19,189849,,,0.005681756883859634,,
19,189899,,,0.026543429121375084,,
19,189949,,,0.01952746883034706,,
19,189999,,,0.0011617455165833235,,
19,190049,,,0.053613245487213135,,
19,190099,,,0.16356413066387177,,
19,190149,,,0.23966006934642792,,
19,190199,,,0.6222517490386963,,
19,190249,,,0.375999391078949,,
19,190299,,,0.10506510734558105,,
19,190349,,,0.56818687915802,,
19,190399,,,0.0663638710975647,,
19,190449,,,0.09204523265361786,,
19,190499,,,0.012148630805313587,,
19,190549,,,0.012617346830666065,,
19,190599,,,0.002332326490432024,,
19,190649,,,0.05452175810933113,,
19,190699,,,0.005302032921463251,,
19,190749,,,0.7929404973983765,,
19,190799,,,0.060652751475572586,,
19,190849,,,0.05213965103030205,,
19,190899,,,0.046850427985191345,,
19,190949,,,0.527764081954956,,
19,190999,,,0.004347037523984909,,
19,191049,,,0.011877714656293392,,
19,191099,,,0.1301928013563156,,
19,191149,,,0.08175686001777649,,
19,191199,,,0.05587580054998398,,
19,191249,,,0.0016955833416432142,,
19,191299,,,0.0033079315908253193,,
19,191349,,,0.48065242171287537,,
19,191399,,,0.0008276322623714805,,
19,191449,,,0.07445500791072845,,
19,191499,,,0.11254332214593887,,
19,191549,,,0.9883878827095032,,
19,191599,,,0.04942967742681503,,
19,191649,,,0.07346387207508087,,
19,191699,,,1.4322199821472168,,
19,191749,,,0.023139970377087593,,
19,191799,,,0.3745374083518982,,
19,191849,,,0.3147672414779663,,
19,191899,,,0.2059033215045929,,
19,191949,,,0.07614559680223465,,
19,191999,,,0.005334558896720409,,
19,191999,,,,0.9284999966621399,0.24608896672725677
20,192049,,,0.12832236289978027,,
20,192099,,,0.338758647441864,,
20,192149,,,0.00031931669218465686,,
20,192199,,,0.2885820269584656,,
20,192249,,,0.29361945390701294,,
20,192299,,,0.013991926796734333,,
20,192349,,,0.3540387451648712,,
20,192399,,,0.02586633525788784,,
20,192449,,,0.022498667240142822,,
20,192499,,,0.004187420941889286,,
20,192549,,,0.37855133414268494,,
20,192599,,,0.00786502379924059,,
20,192649,,,0.06981295347213745,,
20,192699,,,0.06732529401779175,,
20,192749,,,0.028467606753110886,,
20,192799,,,0.004914550576359034,,
20,192849,,,0.14091190695762634,,
20,192899,,,0.005084148608148098,,
20,192949,,,0.025555331259965897,,
20,192999,,,0.0819617509841919,,
20,193049,,,0.21919357776641846,,
20,193099,,,0.01589704118669033,,
20,193149,,,0.08455769717693329,,
20,193199,,,0.011472192592918873,,
20,193249,,,0.004991475492715836,,
20,193299,,,0.023172760382294655,,
20,193349,,,0.7460779547691345,,
20,193399,,,0.12319453805685043,,
20,193449,,,0.18278303742408752,,
20,193499,,,0.17113354802131653,,
20,193549,,,0.5358990430831909,,
20,193599,,,0.05707312375307083,,
20,193649,,,0.764987587928772,,
20,193699,,,0.043774884194135666,,
20,193749,,,0.6492452621459961,,
20,193799,,,0.02298756316304207,,
20,193849,,,0.005549737252295017,,
20,193899,,,0.23482611775398254,,
20,193949,,,0.044406525790691376,,
20,193999,,,0.8832704424858093,,
20,194049,,,0.24096131324768066,,
20,194099,,,0.27862852811813354,,
20,194149,,,0.7298480272293091,,
20,194199,,,0.05543703958392143,,
20,194249,,,0.08511336147785187,,
20,194299,,,0.13546188175678253,,
20,194349,,,0.5883944034576416,,
20,194399,,,0.0985371321439743,,
20,194449,,,0.060779325664043427,,
20,194499,,,0.7865303158760071,,
20,194549,,,0.8111386299133301,,
20,194599,,,0.009386824443936348,,
20,194649,,,1.669447898864746,,
20,194699,,,0.014504966326057911,,
20,194749,,,0.05927599221467972,,
20,194799,,,0.0786467045545578,,
20,194849,,,0.14713864028453827,,
20,194899,,,0.017838794738054276,,
20,194949,,,0.2894773483276367,,
20,194999,,,0.12485917657613754,,
20,195049,,,0.1423742175102234,,
20,195099,,,0.061668384820222855,,
20,195149,,,0.08691003918647766,,
20,195199,,,0.6772788763046265,,
20,195249,,,0.10633917897939682,,
20,195299,,,0.06773528456687927,,
20,195349,,,0.453906774520874,,
20,195399,,,0.09303706139326096,,
20,195449,,,0.8610188364982605,,
20,195499,,,0.042576853185892105,,
20,195549,,,0.37611955404281616,,
20,195599,,,0.2043658047914505,,
20,195649,,,0.15914461016654968,,
20,195699,,,0.10066097974777222,,
20,195749,,,0.8991467356681824,,
20,195799,,,0.011213322170078754,,
20,195849,,,0.18150635063648224,,
20,195899,,,0.44240933656692505,,
20,195949,,,0.08882612735033035,,
20,195999,,,0.010609515011310577,,
20,196049,,,0.06943271309137344,,
20,196099,,,0.9395350217819214,,
20,196149,,,0.09777922928333282,,
20,196199,,,0.10848057270050049,,
20,196249,,,0.07615992426872253,,
20,196299,,,0.3335530459880829,,
20,196349,,,0.11532096564769745,,
20,196399,,,0.31868815422058105,,
20,196449,,,1.8587923049926758,,
20,196499,,,0.027616921812295914,,
20,196549,,,0.8401594161987305,,
20,196599,,,0.29982978105545044,,
20,196649,,,0.8123525381088257,,
20,196699,,,0.010378788225352764,,
20,196749,,,0.3623379170894623,,
20,196799,,,0.3356337547302246,,
20,196849,,,0.01679859682917595,,
20,196899,,,0.003996692132204771,,
20,196949,,,0.20679035782814026,,
20,196999,,,0.267111212015152,,
20,197049,,,0.7529829740524292,,
20,197099,,,0.013335381634533405,,
20,197149,,,0.4696275591850281,,
20,197199,,,0.20663368701934814,,
20,197249,,,0.31355172395706177,,
20,197299,,,0.9102964401245117,,
20,197349,,,0.406403124332428,,
20,197399,,,0.14272959530353546,,
20,197449,,,0.04583735018968582,,
20,197499,,,0.02916811779141426,,
20,197549,,,0.01386386901140213,,
20,197599,,,0.0097086476162076,,
20,197649,,,0.023745529353618622,,
20,197699,,,0.0690639466047287,,
20,197749,,,0.2122277468442917,,
20,197799,,,0.005314806010574102,,
20,197849,,,0.6955421566963196,,
20,197899,,,0.9412256479263306,,
20,197949,,,0.2682447135448456,,
20,197999,,,0.7583986520767212,,
20,198049,,,0.12774530053138733,,
20,198099,,,0.003541125450283289,,
20,198149,,,0.07813513278961182,,
20,198199,,,0.0512397363781929,,
20,198249,,,0.044318247586488724,,
20,198299,,,0.03566344082355499,,
20,198349,,,0.153361514210701,,
20,198399,,,0.021298427134752274,,
20,198449,,,0.2577537000179291,,
20,198499,,,0.08821206539869308,,
20,198549,,,0.011970525607466698,,
20,198599,,,0.012365545146167278,,
20,198649,,,0.04155142977833748,,
20,198699,,,0.05738849565386772,,
20,198749,,,0.1386871337890625,,
20,198799,,,0.10343499481678009,,
20,198849,,,0.02077377960085869,,
20,198899,,,0.7142656445503235,,
20,198949,,,0.048495661467313766,,
20,198999,,,1.9372894763946533,,
20,199049,,,0.744192361831665,,
20,199099,,,0.03537173941731453,,
20,199149,,,0.03261911869049072,,
20,199199,,,0.02311171218752861,,
20,199249,,,0.016225969418883324,,
20,199299,,,0.02453938126564026,,
20,199349,,,0.025773411616683006,,
20,199399,,,0.029993608593940735,,
20,199449,,,0.2348228394985199,,
20,199499,,,0.02331044152379036,,
20,199549,,,0.9263916015625,,
20,199599,,,0.09193003177642822,,
20,199649,,,0.08920290321111679,,
20,199699,,,0.013999370858073235,,
20,199749,,,0.15329784154891968,,
20,199799,,,0.37211501598358154,,
20,199849,,,0.013799910433590412,,
20,199899,,,0.002396925585344434,,
20,199949,,,0.0014697068836539984,,
20,199999,,,0.056724101305007935,,
20,200049,,,0.024818802252411842,,
20,200099,,,0.01337612234055996,,
20,200149,,,0.3362870216369629,,
20,200199,,,0.15076813101768494,,
20,200249,,,0.4571398198604584,,
20,200299,,,0.6585057973861694,,
20,200349,,,0.06121143698692322,,
20,200399,,,0.053148310631513596,,
20,200449,,,0.35703638195991516,,
20,200499,,,0.005268643144518137,,
20,200549,,,0.033811554312705994,,
20,200599,,,0.42222708463668823,,
20,200649,,,0.1302618831396103,,
20,200699,,,0.02057269588112831,,
20,200749,,,0.04931957274675369,,
20,200799,,,0.2552076578140259,,
20,200849,,,0.003945091739296913,,
20,200899,,,0.013430404476821423,,
20,200949,,,0.4778328537940979,,
20,200999,,,0.18831655383110046,,
20,201049,,,0.014137720689177513,,
20,201099,,,0.01201564259827137,,
20,201149,,,0.4606377184391022,,
20,201199,,,0.10236772149801254,,
20,201249,,,0.20927171409130096,,
20,201299,,,0.007773618213832378,,
20,201349,,,0.3525630235671997,,
20,201399,,,0.09623444080352783,,
20,201449,,,0.030674397945404053,,
20,201499,,,0.3960556387901306,,
20,201549,,,0.026476960629224777,,
20,201599,,,0.10070999711751938,,
20,201599,,,,0.9262499809265137,0.24835722148418427
21,201649,,,0.5839955806732178,,
21,201699,,,0.012985323555767536,,
21,201749,,,1.152968168258667,,
21,201799,,,0.061237700283527374,,
21,201849,,,0.022446313872933388,,
21,201899,,,0.03586912527680397,,
21,201949,,,0.11831841617822647,,
21,201999,,,0.025596117600798607,,
21,202049,,,0.06442841142416,,
21,202099,,,0.37119945883750916,,
21,202149,,,0.17876498401165009,,
21,202199,,,0.006806328892707825,,
21,202249,,,0.45682454109191895,,
21,202299,,,0.011043181642889977,,
21,202349,,,0.14130589365959167,,
21,202399,,,0.11103282123804092,,
21,202449,,,1.2383774518966675,,
21,202499,,,0.019452491775155067,,
21,202549,,,0.13097237050533295,,
21,202599,,,0.888157069683075,,
21,202649,,,0.0849025771021843,,
21,202699,,,2.303317070007324,,
21,202749,,,0.02274399623274803,,
21,202799,,,0.032267265021800995,,
21,202849,,,0.03964776173233986,,
21,202899,,,0.04616113379597664,,
21,202949,,,0.002245189854875207,,
21,202999,,,0.20364996790885925,,
21,203049,,,0.9097579717636108,,
21,203099,,,0.012331638485193253,,
21,203149,,,0.010662585496902466,,
21,203199,,,0.07032046467065811,,
21,203249,,,0.2678699195384979,,
21,203299,,,0.24856166541576385,,
21,203349,,,0.22531476616859436,,
21,203399,,,0.0327964723110199,,
21,203449,,,0.8159334063529968,,
21,203499,,,0.6821694374084473,,
21,203549,,,0.008049657568335533,,
21,203599,,,0.03165416046977043,,
21,203649,,,0.0992252454161644,,
21,203699,,,0.27765098214149475,,
21,203749,,,0.02927100658416748,,
21,203799,,,0.04956845939159393,,
21,203849,,,0.07891277968883514,,
21,203899,,,0.011488491669297218,,
21,203949,,,0.11433064937591553,,
21,203999,,,0.010384691879153252,,
21,204049,,,0.29763883352279663,,
21,204099,,,0.2068130522966385,,
21,204149,,,0.7166268825531006,,
21,204199,,,0.1443629115819931,,
21,204249,,,0.6928991675376892,,
21,204299,,,0.008421939797699451,,
21,204349,,,0.01995173655450344,,
21,204399,,,0.6488959193229675,,
21,204449,,,0.812454342842102,,
21,204499,,,0.02725536748766899,,
21,204549,,,0.0245132464915514,,
21,204599,,,0.6664505004882812,,
21,204649,,,0.11416935920715332,,
21,204699,,,0.007465077098459005,,
21,204749,,,0.5068300366401672,,
21,204799,,,0.012363486923277378,,
21,204849,,,0.042763616889715195,,
21,204899,,,0.6236356496810913,,
21,204949,,,0.34666648507118225,,
21,204999,,,0.0331762358546257,,
21,205049,,,0.05518632009625435,,
21,205099,,,0.11101535707712173,,
21,205149,,,0.0397951565682888,,
21,205199,,,0.10775741189718246,,
21,205249,,,0.08357484638690948,,
21,205299,,,0.011267215013504028,,
21,205349,,,0.14383357763290405,,
21,205399,,,0.05106358975172043,,
21,205449,,,0.14515647292137146,,
21,205499,,,0.1767880618572235,,
21,205549,,,0.0875438004732132,,
21,205599,,,0.29186588525772095,,
21,205649,,,0.029379088431596756,,
21,205699,,,0.4043124318122864,,
21,205749,,,0.49327436089515686,,
21,205799,,,0.06929142773151398,,
21,205849,,,0.22919519245624542,,
21,205899,,,0.010902000591158867,,
21,205949,,,0.006646093912422657,,
21,205999,,,0.014548726379871368,,
21,206049,,,0.0619562566280365,,
21,206099,,,0.02234060689806938,,
21,206149,,,0.053528793156147,,
21,206199,,,0.1493041217327118,,
21,206249,,,1.565247893333435,,
21,206299,,,0.33714112639427185,,
21,206349,,,0.011452160775661469,,
21,206399,,,0.09608179330825806,,
21,206449,,,0.12796159088611603,,
21,206499,,,1.094588041305542,,
21,206549,,,0.5686591863632202,,
21,206599,,,0.027338305488228798,,
21,206649,,,0.02075602114200592,,
21,206699,,,0.07076412439346313,,
21,206749,,,0.007170598953962326,,
21,206799,,,1.011627435684204,,
21,206849,,,0.028384339064359665,,
21,206899,,,1.0335389375686646,,
21,206949,,,0.3431773781776428,,
21,206999,,,0.048541441559791565,,
21,207049,,,0.030595216900110245,,
21,207099,,,0.004904765635728836,,
21,207149,,,0.01012488454580307,,
21,207199,,,0.8637488484382629,,
21,207249,,,1.0675064325332642,,
21,207299,,,1.0973162651062012,,
21,207349,,,0.009548455476760864,,
21,207399,,,0.03563189506530762,,
21,207449,,,0.23741769790649414,,
21,207499,,,0.16878975927829742,,
21,207549,,,0.01241922564804554,,
21,207599,,,0.12726199626922607,,
21,207649,,,0.5149956345558167,,
21,207699,,,0.07375118136405945,,
21,207749,,,1.4419487714767456,,
21,207799,,,0.007803753949701786,,
21,207849,,,0.4942014813423157,,
21,207899,,,0.0199752040207386,,
21,207949,,,0.7340428233146667,,
21,207999,,,0.008430806919932365,,
21,208049,,,0.26749473810195923,,
21,208099,,,0.013586318120360374,,
21,208149,,,0.22617852687835693,,
21,208199,,,1.7686395645141602,,
21,208249,,,0.09511301666498184,,
21,208299,,,0.6113162636756897,,
21,208349,,,0.13769735395908356,,
21,208399,,,0.03770032897591591,,
21,208449,,,0.03431135043501854,,
21,208499,,,0.010892360471189022,,
21,208549,,,0.029291819781064987,,
21,208599,,,0.1834123134613037,,
21,208649,,,0.015216263942420483,,
21,208699,,,0.3485367000102997,,
21,208749,,,0.3250129222869873,,
21,208799,,,0.14383435249328613,,
21,208849,,,0.05472223833203316,,
21,208899,,,0.010337850078940392,,
21,208949,,,0.6180692315101624,,
21,208999,,,0.3353877663612366,,
21,209049,,,0.10028941929340363,,
21,209099,,,0.0033077977132052183,,
21,209149,,,0.0640246719121933,,
21,209199,,,0.07183527201414108,,
21,209249,,,0.24862709641456604,,
21,209299,,,0.04656549543142319,,
21,209349,,,0.1547096073627472,,
21,209399,,,0.013749247416853905,,
21,209449,,,0.01058465987443924,,
21,209499,,,0.28348028659820557,,
21,209549,,,0.0923849493265152,,
21,209599,,,0.04638723284006119,,
21,209649,,,0.009793783538043499,,
21,209699,,,0.10242382436990738,,
21,209749,,,0.11082904040813446,,
21,209799,,,0.5347820520401001,,
21,209849,,,0.3255130648612976,,
21,209899,,,0.007573587354272604,,
21,209949,,,0.004009071737527847,,
21,209999,,,0.008636614307761192,,
21,210049,,,0.017117800191044807,,
21,210099,,,0.02979186177253723,,
21,210149,,,0.2584552466869354,,
21,210199,,,0.12034448236227036,,
21,210249,,,0.005627226084470749,,
21,210299,,,0.0610906258225441,,
21,210349,,,0.26008421182632446,,
21,210399,,,0.053118687123060226,,
21,210449,,,0.021608391776680946,,
21,210499,,,0.14219221472740173,,
21,210549,,,0.10420306026935577,,
21,210599,,,0.06007806211709976,,
21,210649,,,0.04484552890062332,,
21,210699,,,0.035567618906497955,,
21,210749,,,0.46147188544273376,,
21,210799,,,0.19148840010166168,,
21,210849,,,0.008592495694756508,,
21,210899,,,0.02854141592979431,,
21,210949,,,0.10895167291164398,,
21,210999,,,0.08199359476566315,,
21,211049,,,0.6587189435958862,,
21,211099,,,0.09439994394779205,,
21,211149,,,0.0035273004323244095,,
21,211199,,,0.017305416986346245,,
21,211199,,,,0.9303333163261414,0.2327355295419693
22,211249,,,0.07042337954044342,,
22,211299,,,0.01628541573882103,,
22,211349,,,0.02336299978196621,,
22,211399,,,1.5814610719680786,,
22,211449,,,0.03244420513510704,,
22,211499,,,0.4526516795158386,,
22,211549,,,0.4121188223361969,,
22,211599,,,0.11570332199335098,,
22,211649,,,0.02587195672094822,,
22,211699,,,0.03642699867486954,,
22,211749,,,0.028110872954130173,,
22,211799,,,1.3612353801727295,,
22,211849,,,0.05114910006523132,,
22,211899,,,0.004394724033772945,,
22,211949,,,0.006159877870231867,,
22,211999,,,0.07678427547216415,,
22,212049,,,0.032014504075050354,,
22,212099,,,0.06570781022310257,,
22,212149,,,0.33530884981155396,,
22,212199,,,0.027585575357079506,,
22,212249,,,0.11289305984973907,,
22,212299,,,0.6398851275444031,,
22,212349,,,0.2128039300441742,,
22,212399,,,0.023272521793842316,,
22,212449,,,0.007387435995042324,,
22,212499,,,0.09850023686885834,,
22,212549,,,0.06915528327226639,,
22,212599,,,0.1008370965719223,,
22,212649,,,0.00205411808565259,,
22,212699,,,0.10565453767776489,,
22,212749,,,0.029435690492391586,,
22,212799,,,0.18789717555046082,,
22,212849,,,0.005873490124940872,,
22,212899,,,0.01684151217341423,,
22,212949,,,0.07407543808221817,,
22,212999,,,0.05563421919941902,,
22,213049,,,0.30229413509368896,,
22,213099,,,0.14756709337234497,,
22,213149,,,0.03343941271305084,,
22,213199,,,1.7917687892913818,,
22,213249,,,0.16278699040412903,,
22,213299,,,0.04036903381347656,,
22,213349,,,0.09683477133512497,,
22,213399,,,0.43550342321395874,,
22,213449,,,0.0039061654824763536,,
22,213499,,,0.052754420787096024,,
22,213549,,,1.9147891998291016,,
22,213599,,,0.0873032957315445,,
22,213649,,,0.47896796464920044,,
22,213699,,,0.12450927495956421,,
22,213749,,,0.0023482819087803364,,
22,213799,,,0.011876309290528297,,
22,213849,,,0.0654693990945816,,
22,213899,,,0.06442953646183014,,
22,213949,,,0.05597221106290817,,
22,213999,,,0.06624245643615723,,
22,214049,,,0.17372052371501923,,
22,214099,,,0.0537012442946434,,
22,214149,,,0.05295063927769661,,
22,214199,,,0.01805245317518711,,
22,214249,,,0.38856929540634155,,
22,214299,,,0.08851831406354904,,
22,214349,,,0.014328500255942345,,
22,214399,,,0.3660004436969757,,
22,214449,,,0.02780517004430294,,
22,214499,,,0.029450010508298874,,
22,214549,,,0.10960306227207184,,
22,214599,,,0.23967234790325165,,
22,214649,,,0.32711103558540344,,
22,214699,,,0.10824556648731232,,
22,214749,,,0.12658117711544037,,
22,214799,,,0.02375328727066517,,
22,214849,,,0.45167797803878784,,
22,214899,,,0.020349347963929176,,
22,214949,,,0.013866844587028027,,
22,214999,,,0.0684533566236496,,
22,215049,,,1.361886978149414,,
22,215099,,,0.005028503015637398,,
22,215149,,,0.1478743851184845,,
22,215199,,,0.6374137997627258,,
22,215249,,,1.218727469444275,,
22,215299,,,0.013547739014029503,,
22,215349,,,0.0428573377430439,,
22,215399,,,0.0014812457375228405,,
22,215449,,,0.550087571144104,,
22,215499,,,0.03263970464468002,,
22,215549,,,0.16777703166007996,,
22,215599,,,0.007740472909063101,,
22,215649,,,0.12508566677570343,,
22,215699,,,0.0014871485764160752,,
22,215749,,,0.8403158187866211,,
22,215799,,,0.18254604935646057,,
22,215849,,,0.16555336117744446,,
22,215899,,,0.03394162282347679,,
22,215949,,,0.5049225687980652,,
22,215999,,,0.011070598848164082,,
22,216049,,,0.8416179418563843,,
22,216099,,,0.08196916431188583,,
22,216149,,,0.7962048649787903,,
22,216199,,,0.07369762659072876,,
22,216249,,,0.4877200126647949,,
22,216299,,,0.09483081102371216,,
22,216349,,,0.011185191571712494,,
22,216399,,,0.08618529140949249,,
22,216449,,,0.04600810259580612,,
22,216499,,,0.7215964794158936,,
22,216549,,,0.09999401867389679,,
22,216599,,,0.5670874714851379,,
22,216649,,,0.035271141678094864,,
22,216699,,,0.021226797252893448,,
22,216749,,,0.034791938960552216,,
22,216799,,,0.04435890167951584,,
22,216849,,,0.09799359738826752,,
22,216899,,,0.04010765254497528,,
22,216949,,,0.09064095467329025,,
22,216999,,,1.1098740100860596,,
22,217049,,,0.7761520743370056,,
22,217099,,,0.04910074919462204,,
22,217149,,,0.056898195296525955,,
22,217199,,,0.31890755891799927,,
22,217249,,,0.31997790932655334,,
22,217299,,,0.04049360379576683,,
22,217349,,,0.21442723274230957,,
22,217399,,,0.5933212637901306,,
22,217449,,,1.0604355335235596,,
22,217499,,,1.5180336236953735,,
22,217549,,,0.028387978672981262,,
22,217599,,,0.05663980916142464,,
22,217649,,,0.037834908813238144,,
22,217699,,,0.7787653207778931,,
22,217749,,,0.02014082856476307,,
22,217799,,,0.008236806839704514,,
22,217849,,,0.1443633884191513,,
22,217899,,,0.0828826054930687,,
22,217949,,,0.25340038537979126,,
22,217999,,,0.043296463787555695,,
22,218049,,,0.010634896345436573,,
22,218099,,,0.006936275865882635,,
22,218149,,,0.31932634115219116,,
22,218199,,,0.2659493684768677,,
22,218249,,,0.014453714713454247,,
22,218299,,,0.18495947122573853,,
22,218349,,,1.5784202814102173,,
22,218399,,,0.2153521329164505,,
22,218449,,,0.2419261634349823,,
22,218499,,,0.11109207570552826,,
22,218549,,,0.2272612750530243,,
22,218599,,,0.7007883787155151,,
22,218649,,,0.020824098959565163,,
22,218699,,,0.008946925401687622,,
22,218749,,,0.025369543582201004,,
22,218799,,,0.1139010637998581,,
22,218849,,,0.05637253075838089,,
22,218899,,,0.5246127843856812,,
22,218949,,,1.1093648672103882,,
22,218999,,,0.9168277978897095,,
22,219049,,,0.0950661152601242,,
22,219099,,,0.04465277120471001,,
22,219149,,,0.009011402726173401,,
22,219199,,,0.06726308166980743,,
22,219249,,,0.05576203390955925,,
22,219299,,,0.11353002488613129,,
22,219349,,,0.08781018108129501,,
22,219399,,,0.6621841192245483,,
22,219449,,,0.6216457486152649,,
22,219499,,,0.06190721318125725,,
22,219549,,,0.02301340363919735,,
22,219599,,,0.08935095369815826,,
22,219649,,,0.1760905236005783,,
22,219699,,,0.05760544538497925,,
22,219749,,,1.6478054523468018,,
22,219799,,,0.04711303859949112,,
22,219849,,,1.452711820602417,,
22,219899,,,0.03576772287487984,,
22,219949,,,0.020068351179361343,,
22,219999,,,0.7036086916923523,,
22,220049,,,0.15104714035987854,,
22,220099,,,0.0750141590833664,,
22,220149,,,0.039693620055913925,,
22,220199,,,0.03256489336490631,,
22,220249,,,0.6192050576210022,,
22,220299,,,0.8069024085998535,,
22,220349,,,0.10464437305927277,,
22,220399,,,0.06249823048710823,,
22,220449,,,0.06429474800825119,,
22,220499,,,0.07966240495443344,,
22,220549,,,0.0901036188006401,,
22,220599,,,0.3944738209247589,,
22,220649,,,0.43105682730674744,,
22,220699,,,0.006004891358315945,,
22,220749,,,0.034823618829250336,,
22,220799,,,1.1008660793304443,,
22,220799,,,,0.9097499847412109,0.29203110933303833
23,220849,,,0.029419779777526855,,
23,220899,,,0.03674504905939102,,
23,220949,,,0.0679076761007309,,
23,220999,,,0.02967035211622715,,
23,221049,,,0.7536728978157043,,
23,221099,,,0.5939621925354004,,
23,221149,,,0.003440916072577238,,
23,221199,,,0.09899628162384033,,
23,221249,,,0.0621444508433342,,
23,221299,,,0.2841842770576477,,
23,221349,,,0.1187194213271141,,
23,221399,,,0.006831820122897625,,
23,221449,,,0.01237404439598322,,
23,221499,,,0.049210961908102036,,
23,221549,,,0.019707929342985153,,
23,221599,,,0.012546276673674583,,
23,221649,,,1.0223000049591064,,
23,221699,,,0.07937444001436234,,
23,221749,,,0.3537124991416931,,
23,221799,,,0.004474574699997902,,
23,221849,,,0.0055899121798574924,,
23,221899,,,0.0689607784152031,,
23,221949,,,1.280797004699707,,
23,221999,,,0.2871617078781128,,
23,222049,,,0.0527963861823082,,
23,222099,,,0.019029349088668823,,
23,222149,,,0.010505536571145058,,
23,222199,,,0.0052280304953455925,,
23,222249,,,0.012497065588831902,,
23,222299,,,0.009754851460456848,,
23,222349,,,0.06301523745059967,,
23,222399,,,0.040618203580379486,,
23,222449,,,0.22056357562541962,,
23,222499,,,0.040498845279216766,,
23,222549,,,0.04617658630013466,,
23,222599,,,0.004259511362761259,,
23,222649,,,0.05052910000085831,,
23,222699,,,0.0042947507463395596,,
23,222749,,,0.054167330265045166,,
23,222799,,,0.007718226406723261,,
23,222849,,,0.12332075834274292,,
23,222899,,,0.05767176300287247,,
23,222949,,,0.7789701223373413,,
23,222999,,,0.026244113221764565,,
23,223049,,,0.2790300250053406,,
23,223099,,,0.467886358499527,,
23,223149,,,0.04056292772293091,,
23,223199,,,0.012309553101658821,,
23,223249,,,0.060165613889694214,,
23,223299,,,0.05771784856915474,,
23,223349,,,0.018639633432030678,,
23,223399,,,1.9658734798431396,,
23,223449,,,0.00825232733041048,,
23,223499,,,0.012282542884349823,,
23,223549,,,0.023487139493227005,,
23,223599,,,0.29265883564949036,,
23,223649,,,0.3705678880214691,,
23,223699,,,0.011170008219778538,,
23,223749,,,0.03275586664676666,,
23,223799,,,0.1415850967168808,,
23,223849,,,1.1205613613128662,,
23,223899,,,0.04851014167070389,,
23,223949,,,1.061607003211975,,
23,223999,,,0.21071787178516388,,
23,224049,,,0.49784278869628906,,
23,224099,,,0.022188693284988403,,
23,224149,,,0.30325379967689514,,
23,224199,,,0.005468246527016163,,
23,224249,,,0.004592862445861101,,
23,224299,,,0.28153082728385925,,
23,224349,,,0.7298280000686646,,
23,224399,,,0.05034828931093216,,
23,224449,,,0.008244700729846954,,
23,224499,,,0.11171575635671616,,
23,224549,,,0.17345750331878662,,
23,224599,,,0.2592124044895172,,
23,224649,,,0.018745625391602516,,
23,224699,,,0.29181817173957825,,
23,224749,,,1.0099999904632568,,
23,224799,,,0.5459455251693726,,
23,224849,,,0.001984259346500039,,
23,224899,,,0.018322577700018883,,
23,224949,,,0.022438665851950645,,
23,224999,,,0.08743016421794891,,
23,225049,,,0.08479499816894531,,
23,225099,,,0.009817084297537804,,
23,225149,,,0.019645800814032555,,
23,225199,,,0.27002114057540894,,
23,225249,,,0.49369388818740845,,
23,225299,,,0.002678418066352606,,
23,225349,,,0.11257696151733398,,
23,225399,,,0.5577737092971802,,
23,225449,,,0.09548319876194,,
23,225499,,,0.012349930591881275,,
23,225549,,,1.2736308574676514,,
23,225599,,,0.04185152053833008,,
23,225649,,,0.06108330562710762,,
23,225699,,,0.074446901679039,,
23,225749,,,0.06253738701343536,,
23,225799,,,0.1747961938381195,,
23,225849,,,0.18335995078086853,,
23,225899,,,0.1589248776435852,,
23,225949,,,0.09321959316730499,,
23,225999,,,0.059218455106019974,,
23,226049,,,0.010096520185470581,,
23,226099,,,1.361940622329712,,
23,226149,,,0.034608516842126846,,
23,226199,,,0.1255226582288742,,
23,226249,,,0.006649485323578119,,
23,226299,,,0.004770101048052311,,
23,226349,,,0.43706750869750977,,
23,226399,,,0.05170578882098198,,
23,226449,,,0.032764483243227005,,
23,226499,,,0.011742334812879562,,
23,226549,,,0.20180313289165497,,
23,226599,,,0.02427763305604458,,
23,226649,,,2.0346574783325195,,
23,226699,,,0.007995916530489922,,
23,226749,,,0.27607184648513794,,
23,226799,,,0.04734065383672714,,
23,226849,,,0.6971050500869751,,
23,226899,,,0.04672028496861458,,
23,226949,,,0.5610501766204834,,
23,226999,,,0.029146933928132057,,
23,227049,,,0.16735252737998962,,
23,227099,,,0.6925428509712219,,
23,227149,,,0.617459774017334,,
23,227199,,,0.559648871421814,,
23,227249,,,0.031006747856736183,,
23,227299,,,0.14252901077270508,,
23,227349,,,0.5681172013282776,,
23,227399,,,0.11111609637737274,,
23,227449,,,0.05485215783119202,,
23,227499,,,0.4905675947666168,,
23,227549,,,0.029643485322594643,,
23,227599,,,0.022660907357931137,,
23,227649,,,0.037895478308200836,,
23,227699,,,0.013076581060886383,,
23,227749,,,0.2993384301662445,,
23,227799,,,0.0903487578034401,,
23,227849,,,0.10259286314249039,,
23,227899,,,2.0822484493255615,,
23,227949,,,0.4048003554344177,,
23,227999,,,0.9049243927001953,,
23,228049,,,0.031841471791267395,,
23,228099,,,0.09422791004180908,,
23,228149,,,0.20613613724708557,,
23,228199,,,0.41333192586898804,,
23,228249,,,0.4653087556362152,,
23,228299,,,0.038637854158878326,,
23,228349,,,0.014105333015322685,,
23,228399,,,0.016963299363851547,,
23,228449,,,0.028760533779859543,,
23,228499,,,0.19749577343463898,,
23,228549,,,0.06538931280374527,,
23,228599,,,0.13209615647792816,,
23,228649,,,0.03577021136879921,,
23,228699,,,0.29566580057144165,,
23,228749,,,0.004766691476106644,,
23,228799,,,0.09896402806043625,,
23,228849,,,0.14347457885742188,,
23,228899,,,0.01711253821849823,,
23,228949,,,0.062226973474025726,,
23,228999,,,0.026466161012649536,,
23,229049,,,1.174828290939331,,
23,229099,,,0.008451872505247593,,
23,229149,,,0.3164559304714203,,
23,229199,,,0.011760881170630455,,
23,229249,,,0.0215231291949749,,
23,229299,,,0.08997628837823868,,
23,229349,,,0.03273993730545044,,
23,229399,,,0.3678584694862366,,
23,229449,,,0.005555793177336454,,
23,229499,,,0.35929155349731445,,
23,229549,,,0.9069587588310242,,
23,229599,,,0.5552741885185242,,
23,229649,,,0.19415459036827087,,
23,229699,,,0.0215274840593338,,
23,229749,,,0.01915741339325905,,
23,229799,,,0.03382866829633713,,
23,229849,,,0.014270387589931488,,
23,229899,,,0.32437071204185486,,
23,229949,,,0.1011759489774704,,
23,229999,,,0.4321525990962982,,
23,230049,,,0.2162521630525589,,
23,230099,,,0.3876846432685852,,
23,230149,,,0.12977299094200134,,
23,230199,,,0.0034696138463914394,,
23,230249,,,0.0030899392440915108,,
23,230299,,,0.5443366765975952,,
23,230349,,,0.38063865900039673,,
23,230399,,,1.0094120502471924,,
23,230399,,,,0.9206666946411133,0.26266995072364807
24,230449,,,0.03996594622731209,,
24,230499,,,0.004274397622793913,,
24,230549,,,0.015449902042746544,,
24,230599,,,0.09178175777196884,,
24,230649,,,0.01573994569480419,,
24,230699,,,0.1412140429019928,,
24,230749,,,0.3022570013999939,,
24,230799,,,2.4593756198883057,,
24,230849,,,0.23614633083343506,,
24,230899,,,0.014003241434693336,,
24,230949,,,0.021701166406273842,,
24,230999,,,0.23778891563415527,,
24,231049,,,1.1161706447601318,,
24,231099,,,0.012886883690953255,,
24,231149,,,0.012179474346339703,,
24,231199,,,0.22395411133766174,,
24,231249,,,0.045229315757751465,,
24,231299,,,0.8806819915771484,,
24,231349,,,0.1548965871334076,,
24,231399,,,0.04643967002630234,,
24,231449,,,0.039049018174409866,,
24,231499,,,0.1917632520198822,,
24,231549,,,0.026630472391843796,,
24,231599,,,0.33543097972869873,,
24,231649,,,0.2472366988658905,,
24,231699,,,0.663090705871582,,
24,231749,,,0.1614912450313568,,
24,231799,,,0.19892725348472595,,
24,231849,,,0.25766345858573914,,
24,231899,,,0.04636233299970627,,
24,231949,,,0.10889147222042084,,
24,231999,,,0.2968840003013611,,
24,232049,,,0.008318482898175716,,
24,232099,,,0.08703364431858063,,
24,232149,,,0.42019328474998474,,
24,232199,,,0.018117327243089676,,
24,232249,,,0.021049177274107933,,
24,232299,,,0.07471944391727448,,
24,232349,,,0.010844320058822632,,
24,232399,,,0.015392954461276531,,
24,232449,,,0.1580561399459839,,
24,232499,,,0.01977035030722618,,
24,232549,,,0.04192081093788147,,
24,232599,,,0.176055908203125,,
24,232649,,,0.03576137498021126,,
24,232699,,,1.3299528360366821,,
24,232749,,,0.06954814493656158,,
24,232799,,,0.03481488674879074,,
24,232849,,,1.2849558591842651,,
24,232899,,,0.06357405334711075,,
24,232949,,,0.21047353744506836,,
24,232999,,,0.11877192556858063,,
24,233049,,,0.5125993490219116,,
24,233099,,,1.2239956855773926,,
24,233149,,,0.019226621836423874,,
24,233199,,,0.4957055151462555,,
24,233249,,,0.008135095238685608,,
24,233299,,,0.0061458805575966835,,
24,233349,,,0.3905565142631531,,
24,233399,,,0.06323537975549698,,
24,233449,,,0.07539942115545273,,
24,233499,,,0.125698059797287,,
24,233549,,,0.012933410704135895,,
24,233599,,,0.009939605370163918,,
24,233649,,,0.06187991052865982,,
24,233699,,,0.23127222061157227,,
24,233749,,,0.09656351804733276,,
24,233799,,,0.03255719691514969,,
24,233849,,,0.15493528544902802,,
24,233899,,,0.6281206607818604,,
24,233949,,,0.7844312191009521,,
24,233999,,,0.09499794244766235,,
24,234049,,,0.3821219801902771,,
24,234099,,,0.15325026214122772,,
24,234149,,,0.018535275012254715,,
24,234199,,,0.006548358593136072,,
24,234249,,,0.0014366151299327612,,
24,234299,,,0.6031661629676819,,
24,234349,,,0.03293564170598984,,
24,234399,,,0.026388516649603844,,
24,234449,,,0.36570557951927185,,
24,234499,,,0.05899171903729439,,
24,234549,,,0.015207378193736076,,
24,234599,,,0.06895001232624054,,
24,234649,,,0.5950878262519836,,
24,234699,,,0.07809659838676453,,
24,234749,,,0.024262074381113052,,
24,234799,,,0.8753796815872192,,
24,234849,,,0.0006271801539696753,,
24,234899,,,0.017321016639471054,,
24,234949,,,0.060261666774749756,,
24,234999,,,1.3675956726074219,,
24,235049,,,0.03376980498433113,,
24,235099,,,0.15952274203300476,,
24,235149,,,0.0023177703842520714,,
24,235199,,,0.0846988633275032,,
24,235249,,,0.4517361521720886,,
24,235299,,,0.016716251149773598,,
24,235349,,,0.4324432909488678,,
24,235399,,,0.47051969170570374,,
24,235449,,,0.07883276045322418,,
24,235499,,,0.007951457984745502,,
24,235549,,,0.10619223117828369,,
24,235599,,,0.027593905106186867,,
24,235649,,,0.02054501697421074,,
24,235699,,,0.10596980154514313,,
24,235749,,,0.014721025712788105,,
24,235799,,,0.013334540650248528,,
24,235849,,,0.015530521981418133,,
24,235899,,,0.01050376147031784,,
24,235949,,,1.0732613801956177,,
24,235999,,,0.028783440589904785,,
24,236049,,,0.12358991801738739,,
24,236099,,,0.6029348373413086,,
24,236149,,,0.11377611011266708,,
24,236199,,,1.1374716758728027,,
24,236249,,,0.2777458727359772,,
24,236299,,,0.08727647364139557,,
24,236349,,,0.029030239209532738,,
24,236399,,,0.8538972735404968,,
24,236449,,,0.14540794491767883,,
24,236499,,,0.09816937148571014,,
24,236549,,,0.007486306130886078,,
24,236599,,,0.5296608209609985,,
24,236649,,,0.008620675653219223,,
24,236699,,,0.27321305871009827,,
24,236749,,,0.4711727499961853,,
24,236799,,,0.07401220500469208,,
24,236849,,,0.05361273139715195,,
24,236899,,,0.09696532785892487,,
24,236949,,,0.4093974530696869,,
24,236999,,,0.02598530985414982,,
24,237049,,,0.08782665431499481,,
24,237099,,,0.02618483081459999,,
24,237149,,,0.0034813941456377506,,
24,237199,,,0.3050283193588257,,
24,237249,,,0.4716026186943054,,
24,237299,,,0.9810518026351929,,
24,237349,,,0.0786363035440445,,
24,237399,,,0.03241061419248581,,
24,237449,,,0.9563912153244019,,
24,237499,,,0.01299577672034502,,
24,237549,,,1.520143985748291,,
24,237599,,,0.1993487924337387,,
24,237649,,,0.021493326872587204,,
24,237699,,,0.06328698992729187,,
24,237749,,,0.07126207649707794,,
24,237799,,,0.00975374411791563,,
24,237849,,,0.02463223971426487,,
24,237899,,,0.020521117374300957,,
24,237949,,,0.03177192062139511,,
24,237999,,,0.30287283658981323,,
24,238049,,,0.03869987651705742,,
24,238099,,,0.7119180560112,,
24,238149,,,0.018723497167229652,,
24,238199,,,0.0964650884270668,,
24,238249,,,0.09938289225101471,,
24,238299,,,0.7324172854423523,,
24,238349,,,0.021605096757411957,,
24,238399,,,0.031190598383545876,,
24,238449,,,0.043168388307094574,,
24,238499,,,0.5147807002067566,,
24,238549,,,0.11591243743896484,,
24,238599,,,0.0032864236272871494,,
24,238649,,,0.19574381411075592,,
24,238699,,,1.105465292930603,,
24,238749,,,0.7430349588394165,,
24,238799,,,0.007629715837538242,,
24,238849,,,0.844281017780304,,
24,238899,,,0.08591615408658981,,
24,238949,,,0.03804692625999451,,
24,238999,,,0.1031973734498024,,
24,239049,,,0.08725563436746597,,
24,239099,,,0.01413201354444027,,
24,239149,,,0.23330000042915344,,
24,239199,,,0.028837721794843674,,
24,239249,,,0.12999221682548523,,
24,239299,,,0.08412498235702515,,
24,239349,,,0.21430456638336182,,
24,239399,,,0.13391554355621338,,
24,239449,,,0.026720937341451645,,
24,239499,,,0.05914333462715149,,
24,239549,,,0.1856836974620819,,
24,239599,,,0.6987345218658447,,
24,239649,,,0.10649027675390244,,
24,239699,,,0.4799644947052002,,
24,239749,,,0.012388469651341438,,
24,239799,,,0.02456728182733059,,
24,239849,,,0.8340829610824585,,
24,239899,,,0.10354169458150864,,
24,239949,,,0.3880377411842346,,
24,239999,,,0.020064586773514748,,
24,239999,,,,0.9338333606719971,0.22887849807739258
25,240000,0.3366999924182892,3.3041253089904785,,,
